brand,colour,model,mrp,name,price,sizes
 RedTape, BLACK, RKS0001,"₹1,199.00",RedTape Kid's Black Sliders,₹359.00,"1,2,11,12,13"
 RedTape, NAVY  , RTK0204A,"₹4,599.00",RedTape Kids-Unisex Navy Walking Shoes,"₹1,379.00","2,3,12"
 RedTape, BLACK, RTK0191,"₹3,699.00",RedTape Unisex Kids Black Sports Shoes,"₹1,109.00",13
 RedTape, BLUE, RTK0226A,"₹4,599.00",RedTape Kids-Unisex Blue Walking Shoes,"₹1,379.00","1,2,3,4,5,11,12,13"
 RedTape, BLACK, RTK0321,"₹4,699.00",RedTape Kids-Unisex Black Walking Shoes,"₹1,409.00","11,12,13"
 RedTape, WHITE  , RTK0225A,"₹4,599.00",RedTape Kids-Unisex White Walking Shoes,"₹1,379.00","2,3,4,5,11,12,13"
 RedTape, PINK , RTK0343,"₹4,699.00",RedTape Kids-Unisex Pink Walking Shoes,"₹1,409.00","1,2,3,4,5,11,12,13"
 RedTape, BLACK &amp; GREY, RTK0181A,"₹4,499.00",RedTape Kids-Unisex Black Walking Shoes,"₹1,349.00","1,2,3,4,5,11,12,13"
 RedTape, White/Light Green, RTK0185B,"₹4,499.00",RedTape Kids-Unisex White Walking Shoes,"₹1,349.00","1,2,3,4,5,11,12,13"
 RedTape, BLUE/PINK, RTK0193B,"₹4,499.00",RedTape Kids-Unisex Blue Walking Shoes,"₹1,349.00","1,2,3,4,5,11,12,13"
 RedTape, PINK , RTK0203A,"₹4,599.00",RedTape Kids-Unisex Pink Walking Shoes,"₹1,379.00","1,2,3,4,5,11,12,13"
 RedTape, BLACK, RKS0001,"₹1,199.00",RedTape Kid's Black Sliders,₹359.00,"1,2,11,12,13"
 RedTape, White/Light Green, RTK0185B,"₹4,499.00",RedTape Kids-Unisex White Walking Shoes,"₹1,349.00","1,2,3,4,5,11,12,13"
 RedTape, BLACK &amp; GREY, RTK0181A,"₹4,499.00",RedTape Kids-Unisex Black Walking Shoes,"₹1,349.00","1,2,3,4,5,11,12,13"
 RedTape, PINK , RTK0203A,"₹4,599.00",RedTape Kids-Unisex Pink Walking Shoes,"₹1,379.00","1,2,3,4,5,11,12,13"
 RedTape, NAVY  , RTK0204A,"₹4,599.00",RedTape Kids-Unisex Navy Walking Shoes,"₹1,379.00","2,3,12"
 RedTape, BLUE/PINK, RTK0193B,"₹4,499.00",RedTape Kids-Unisex Blue Walking Shoes,"₹1,349.00","1,2,3,4,5,11,12,13"
 RedTape, BLUE, RTK0226A,"₹4,599.00",RedTape Kids-Unisex Blue Walking Shoes,"₹1,379.00","1,2,3,4,5,11,12,13"
 RedTape, WHITE  , RTK0225A,"₹4,599.00",RedTape Kids-Unisex White Walking Shoes,"₹1,379.00","2,3,4,5,11,12,13"
 RedTape, NAVY  , RTK0254A,"₹4,299.00",RedTape Unisex Kids Navy Sports Shoes,"₹1,289.00","1,2,3,4,11,12,13"
 RedTape, BLACK, RTK0251A,"₹4,299.00",RedTape Unisex Kids Black Sports Shoes,"₹1,289.00","11,12,13"
 RedTape, BLACK, RTK0261A,"₹4,299.00",RedTape Unisex Kids Black Sports Shoes,"₹1,289.00","1,2,3,4,11,12,13"
 RedTape, PINK , RTK0343,"₹4,699.00",RedTape Kids-Unisex Pink Walking Shoes,"₹1,409.00","1,2,3,4,5,11,12,13"
 RedTape, Light Peach, RLO1523,"₹5,599.00",RedTape Sports Athleisure Shoes for Women | Comfortable & Firm Grip,"₹1,679.00","3,4,5,6,7"
 RedTape, BLACK, RTK0321,"₹4,699.00",RedTape Kids-Unisex Black Walking Shoes,"₹1,409.00","11,12,13"
 RedTape, Tarquoise Blue, RLO1313,"₹5,599.00",RedTape Sports Shoes For Women | Comfortable Athleisure Shoes,"₹1,679.00","3,4,5,6,7"
 RedTape, White/Pink, RLO0825A,"₹5,999.00",RedTape Women White And Pink Athleisure Shoes,"₹1,799.00","3,4,5,6,7"
 RedTape, White/Lavender, RLV0156,"₹4,999.00",RedTape Sneaker Casual Shoes for Women | Comfortable & Casual look,"₹1,499.00","3,4,5,6,7"
 RedTape, BLACK, RLW0021,"₹4,499.00",RedTape Sports Walking Shoes for Women | Comfortable Slip-On,"₹1,349.00","3,4,5,6,7"
 RedTape, LIGHT PURPLE, RLO0977,"₹5,199.00",RedTape Sports Shoes for Women | Slip-On Athleisure Shoes,"₹1,559.00","3,4,5,6,7"
 RedTape, White/Pink, RLV0153,"₹4,999.00",RedTape Sneaker Shoes for Women | Comfortable & Casual Style,"₹1,499.00","3,4,5,6,7"
 RedTape, Magenta, RLO1178,"₹5,499.00",RedTape Sports Athleisure Shoes For Women | Comfortable & Right Fit,"₹1,649.00","3,4,5,6,7"
 RedTape, White/Peach, RLV0183,"₹5,099.00",RedTape Sneaker Shoes for Women | Comfortable & Slip Resistant,"₹1,529.00","3,4,5,6,7"
 RedTape, GREY , RLW0022,"₹4,499.00",RedTape Walking Sports Shoes for Women | Comfortable  Slip-Resistant,"₹1,349.00","3,4,5,6,7"
 RedTape, TEAL BLUE, RLO1174,"₹5,499.00",RedTape Sports Athleisure Shoes for Women | Comfortable & Slip-Resistant,"₹1,649.00","3,4,5,6,7"
 RedTape, MINT GREEN , RLW0024,"₹4,499.00",RedTape Sports Walking Shoes for Women | Comfortable &  Durable,"₹1,349.00","3,4,5,6,7"
 RedTape, White/Black, RSL0052,"₹5,799.00",RedTape Casual Sneaker Shoes for Men | Comfortable & Slip Resistant,"₹1,739.00","6,7,8,9,10"
 RedTape, BLACK, RSO2928,"₹4,899.00",RedTape Sports Walking Shoes for Men | Comfortable  Slip-Resistant,"₹1,469.00","6,7,8,9,10"
 RedTape, BLACK, RTK0191,"₹3,699.00",RedTape Unisex Kids Black Sports Shoes,"₹1,109.00",13
 RedTape, BLACK, RSO3191,"₹5,599.00",RedTape Sports Walking Shoes for Men | Comfortable  Durable,"₹1,679.00","6,7,8,9,10"
 RedTape, BLACK/WHITE, RSO3192,"₹5,599.00",RedTape Sports Walking Shoes for Men | Comfortable Lace-Up,"₹1,679.00","6,7,8,9,10"
 RedTape, BLACK, RSO1261B,"₹6,599.00",RedTape Sports Walking Shoes for Men | Comfortable &  Slip-Resistant,"₹1,979.00","6,7,8,9,10"
 RedTape, BLACK, RSO2841,"₹6,799.00",RedTape Sports Walking Shoes for Men | Comfortable Lace-Up,"₹2,039.00","6,7,8,9,10"
 RedTape, BLACK/BLUE, RSO2842,"₹6,799.00",RedTape Sports Walking Shoes for Men | Durable & Comfortable,"₹2,039.00","6,7,8,9,10"
 RedTape, BEIGE, RSO2843,"₹6,799.00",RedTape Sports Walking  Shoes for Men | Lace-Up &Comfortable,"₹2,039.00","6,7,8,9,10"
 RedTape, BLUE, RSO2844,"₹6,799.00",RedTape Sports Walking Shoes for Men | Comfortable & Slip-Resistant,"₹2,039.00","6,7,8,9,10"
 RedTape, BEIGE BROWN, RSO2846,"₹6,799.00",RedTape Sports Walking Shoes for Men | Slip-Resistant & Durable,"₹2,039.00","6,7,8,9,10"
 RedTape, DARK GREY, RSO2156,"₹6,899.00",RedTape Sports Walking Shoes for Men | Slip Resistant & Comfortable,"₹2,069.00","6,7,8,9,10"
 RedTape, WHITE  , RSO2825,"₹6,699.00",Red Tape Sports Walking Shoes for Men | Comfortable & Durable,"₹2,009.00","6,7,8,9,10"
 RedTape, PURPLE , RLO1448,"₹6,599.00","RedTape Sports Shoes for Women's- Purple Lace-Up Shape Adjustable Sports Athleisure Shoes, Perfect Walking & Running Shoes","₹1,979.00","3,4,5,6,7"
 RedTape, WHITE , RLO1445,"₹6,599.00","RedTape Sports Shoes for Women's- White Lace-Up Shape Adjustable Sports Athleisure Shoes, Perfect Walking & Running Shoes","₹1,979.00","3,4,5,6,7"
 RedTape, WHITE  , RLO1515,"₹5,099.00","RedTape Women's Sports Shoes - Slip-on Shape Adjustable Sports Walking Shoes, Perfect for Walking & Running","₹1,529.00","3,4,5,6,7"
 RedTape, BLACK , RLW0026,"₹4,499.00","RedTape Women's Sports Shoes - Slip-on Shape Adjustable Sports Walking Shoes, Perfect for Walking & Running","₹1,349.00","3,4,5,6,7"
 RedTape, BLACK, RLO1311,"₹5,599.00","RedTape Women's Sports Shoes - Slip-on Shape Adjustable Sports Walking Shoes, Perfect for Walking & Running","₹1,679.00","3,4,5,6,7"
 RedTape, BLACK, RLO1171,"₹5,499.00",RedTape Sports Shoes for Women | Lace-Up Closure Athleisure Shoes,"₹1,649.00","4,5,6,7"
 RedTape, BLACK, RLO0971,"₹5,199.00","RedTape Sports Shoes for Women's- Black Lace-Up Shape Adjustable Sports Athleisure Shoes, Perfect Walking & Running Shoes","₹1,559.00","3,4,5,6,7"
 RedTape, BERRY, RLF0095,"₹3,199.00",RedTape Sports Sandals for Women's- Casual and Stylish Casual Sliders,₹959.00,3
 RedTape, PINK , RLO1442,"₹6,599.00","RedTape Sports Shoes for Women's- Pink Lace-Up Shape Adjustable Sports Athleisure Shoes, Perfect Walking & Running Shoes","₹1,979.00","3,4,5,6,7"
 RedTape, PINK , RLO1452,"₹4,999.00",RedTape Sneakers Shoes for Women | Casual Sneaker Shoes,"₹1,499.00","3,4,5,6,7"
 RedTape, BLACK/PINK, RLO1451,"₹4,999.00",RedTape Sneakers Shoes for Women | Casual Lace Up Shoes,"₹1,499.00","3,4,5,6,7"
 RedTape, MINT GREEN , RLF0097,"₹3,199.00",RedTape Women's Sports Sandals - Casual and Stylish Casual Sliders Perfect for Walking,₹959.00,"3,4,6"
 RedTape, BLACK, RLF0091,"₹3,199.00","RedTape Womens Navy Sports Sandals - Utmost Comfort, Arch Support, Dynamic Feet Support, On-Ground Stability, Shock Absorption",₹959.00,3
 RedTape, MINT GREEN , RLF0076,"₹3,199.00",RedTape Women's Sports Sandals - Casual and Stylish Casual Sliders,₹959.00,"3,4,5,6,7"
 RedTape, BLACK WHITE, RLO0725B,"₹6,799.00",RedTape Women White/Black  Athleisure Shoes,"₹2,039.00","3,4,5,6,7"
 RedTape, BLACK, RLO1511,"₹5,099.00","RedTape Women's Sports Shoes - Slip-on Shape Adjustable Sports Walking Shoes, Perfect for Walking & Running","₹1,529.00","3,4,5,6,7"
 RedTape, MULTI, RLO0708B,"₹6,799.00",RedTape Women Multi Color Athleisure Shoes,"₹2,039.00","3,4,5,6,7"
 RedTape, BLACK, RLO2111,"₹4,999.00",RedTape Women Black Walking Shoes,"₹1,499.00","3,4,5,6,7"
 RedTape, MINT GREEN , RLF0068,"₹2,999.00",RedTape Women's Sports Sandals - Light-Weight Comfortable Sliders,₹899.00,"3,4"
 RedTape, WHITE  , RLO1447,"₹6,599.00",RedTape Women White Walking Shoes,"₹1,979.00","3,4,5,6,7"
 RedTape, WHITE  , RLO0845A,"₹6,399.00",RedTape Women White Walking Shoes,"₹1,919.00","3,4,5,6"
 RedTape, WHITE/ BLUE, RLO0824A,"₹5,999.00",RedTape Women White/Blue Walking Shoes,"₹1,799.00","3,4,5,6,7"
 RedTape, BLACK, RLF0071,"₹3,199.00",RedTape Women Black Sports Sandals,₹959.00,3
 RedTape, NAVY  , RLV0154,"₹4,999.00",RedTape Women Navy Sanekers,"₹1,499.00","4,5,6,7"
 RedTape, BLACK/WHITE, RSO2922,"₹4,999.00",RedTape Slip-On Walking Shoes for Men | Comfortable Sports Shoes,"₹1,499.00","6,7,8,9,10"
 RedTape, DARK GREY, RMW0083,"₹4,699.00",RedTape Sports Walking Shoes for Men | Comfortable Slip-On,"₹1,409.00","6,7,8,9,10"
 RedTape, Navy/Light Grey, RTF0094,"₹3,299.00",RedTape Sports Sandals for Men | Comfortable  Slip-Resistant,₹989.00,"6,7,8,9,10"
 RedTape, NAVY  , RMW0084,"₹4,699.00",RedTape Sports Walking Shoes For Men | Comfortable & Slip Resistant,"₹1,409.00","6,7,8,9,10"
 RedTape, BLACK, RMW0091,"₹4,699.00",RedTape Sports Walking Shoes for Men | Slip-On & Comfortable,"₹1,409.00","6,7,8,9"
 RedTape, BLACK, RMW0081,"₹4,699.00",RedTape Sports Walking Shoes for Men | Comfortable Slip-On,"₹1,409.00","6,7,8,9,10"
 RedTape, BLACK/WHITE, RMW0032,"₹5,399.00",RedTape Sports Shoes for Men | Comfortable Slip-Ons Walking Shoes,"₹1,619.00","6,7,8"
 RedTape, BEIGE, RFF1127,"₹2,199.00",RedTape Slippers for Men | Comfortable  Slip-Resistant Sliders,₹659.00,"6,7,8,9,10"
 RedTape, BLACK, RMW0031,"₹5,399.00",RedTape Sports Shoes for Men | Comfortable Walking Shoes,"₹1,619.00","6,7,8,9"
 RedTape, BROWN, RFF1022,"₹2,199.00",RedTape Slippers for Men | Comfortable  Slip-Resistant Sliders,₹659.00,"6,7,8,9,10"
 RedTape, BLACK, RTF0091,"₹3,299.00",RedTape Sports Sandals for Men | Comfortable  Slip-Resistant,₹989.00,"6,7,8,9,10"
 RedTape, BLACK, RMW0221,"₹5,599.00",RedTape Sports Walking Shoes for Men | Comfortable  Slip-Resistant,"₹1,679.00","6,7,8,9,10"
 RedTape, GREY , RLO0828A,"₹5,999.00",RedTape Women Grey Walking Shoes,"₹1,799.00","3,4,5,6,7"
 RedTape, GREEN , RLF0086,"₹3,199.00",RedTape Women Green Sports Sandal,₹959.00,3
 RedTape, BLACK, RLO1231,"₹6,099.00",RedTape Women Black Walking Shoes,"₹1,829.00","3,4,5,6,7"
 RedTape, GREY , RLF0088,"₹3,199.00",RedTape Women Grey Sports Sandal,₹959.00,4
 RedTape, LIGHT PINK , RLO1234,"₹6,099.00",RedTape Women Light Pink Walking Shoes,"₹1,829.00","3,4,5,6,7"
 RedTape, PURPLE , RLF0073,"₹3,199.00",RedTape Women Purple Sports Sandals,₹959.00,"3,4,5,6,7"
 RedTape, BLACK, RLO1161,"₹5,199.00",RedTape Women Black Walking Shoes,"₹1,559.00","3,4,5,6,7"
 RedTape, LIGHT BLUE , RLO1238,"₹6,099.00",RedTape Women Light Blue Walking Shoes,"₹1,829.00","3,4,5,6"
 RedTape, BLACK, RLO2161,"₹4,399.00",RedTape Women Black Walking Shoes,"₹1,319.00","4,6,7"
 RedTape, BLACK, RLO1162,"₹5,199.00",RedTape Women Black Walking Shoes,"₹1,559.00","3,4,5,6,7"
 RedTape, PURPLE , RLO1163,"₹5,199.00",RedTape Women Purple Walking Shoes,"₹1,559.00","3,4,5,6,7"
 RedTape, WHITE/LILAC, RLV0185,"₹5,099.00",RedTape Women White Sneaker,"₹1,529.00","3,4,5,6,7"
 RedTape, ICE GREY, RFF1027,"₹2,199.00",RedTape Sliders Slippers for Men | Comfortable Slip-Ons,₹659.00,"6,7,8,9,10"
 RedTape, Neon/Gray, RSO2603,"₹6,799.00",RedTape Sports Shoes for Men | Comfortable Walking Shoes,"₹2,039.00","6,7,8,9,10"
 RedTape, BLACK, RSO2821,"₹6,699.00","RedTape Black Sports Shoes for Men's- Lace-Up Shoes, Perfect Walking & Running Shoes for Men's","₹2,009.00","6,7,8,9,10"
 RedTape, BLUE, RSO2827,"₹6,699.00","RedTape Blue Sports Shoes for Men's- Lace-Up Shoes, Perfect Walking & Running Shoes for Men","₹2,009.00","6,7,8,9,10"
 RedTape, GREY , RSO2602,"₹6,799.00",RedTape Walking Shoes for Men | Comfortable Sports Shoes,"₹2,039.00","6,7,8,9,10"
 RedTape, BLACK, RSO2601,"₹6,799.00",RedTape Sports Shoes for Men | Comfortable Walking Shoes,"₹2,039.00","6,7,8,9,10"
 RedTape, NAVY  , RSO2604,"₹6,799.00",RedTape Sports Shoes for Men | Comfortable Walking Shoes,"₹2,039.00","6,7,8,9,10"
 RedTape, WHITE  , RSO2605,"₹6,799.00",RedTape Sports Shoes for Men | Comfortable Lace-Up Walking Shoes,"₹2,039.00","6,7,8,9,10"
 RedTape, NAVY  , RFF0994,"₹2,199.00",RedTape Slip-On Sliders for Men | Comfortable Slippers,₹659.00,"6,7,8,9,10"
 RedTape, BLACK, RSO2771,"₹6,899.00",Red Tape Men's Essential Casual Sneakers-Lace-Up Black Sneakers,"₹2,069.00","6,7,8,9,10"
 RedTape, BEIGE, RLO2158,"₹4,199.00",RedTape Women Beige Walking Shoes,"₹1,259.00","3,4,5,6,7"
 RedTape, BLUE, RSO2607,"₹6,799.00",RedTape Sports Shoes for Men | Comfortable Walking Shoes,"₹2,039.00","6,7,8,9,10"
 RedTape, OLIVE  , RSO2606,"₹6,799.00",RedTape Sports Shoes for Men | Comfortable Walking Shoes,"₹2,039.00","6,7,8,9,10"
 RedTape, BLUE, RLO1072,"₹6,499.00",RedTape Women Blue Walking Shoes,"₹1,949.00","3,4,5,6,7"
 RedTape, WHITE  , RLO1092,"₹6,099.00",RedTape Women White Walking Shoes,"₹1,829.00","3,4,5,6,7"
 RedTape, NAVY  , RLO1264,"₹4,199.00",RedTape Women Navy Walking Shoes,"₹1,259.00","3,4"
 RedTape, MINT  , RLO1266,"₹4,199.00",RedTape Women Green Walking Shoes,"₹1,259.00",4
 RedTape, SILVER/BLACK, RLO2163,"₹4,399.00",RedTape Women Black Walking,"₹1,319.00","4,5,6,7"
 RedTape, BLACK  , RLO0881A,"₹6,599.00",RedTape Women Black Walking Shoes,"₹1,979.00","3,4,5,6"
 RedTape, BLACK  , RLO2162,"₹4,399.00",RedTape Women Black Walking,"₹1,319.00","4,5,6,7"
 RedTape, WHITE  , RLO1255,"₹6,699.00",RedTape Women White Walking Shoes,"₹2,009.00","3,4,5,6,7"
 RedTape, BLACK, RLO2131,"₹4,599.00",RedTape Women Black Walking Shoes,"₹1,379.00",3
 RedTape, NAVY  , RLO2134,"₹4,599.00",RedTape Women Navy Walking Shoes,"₹1,379.00","3,4,5,6,7"
 RedTape, PINK , RLO2006,"₹6,099.00",RedTape Women Pink Walking Shoes,"₹1,829.00","3,4,5,6,7"
 RedTape, Dark Purple, RLO2157,"₹4,199.00",RedTape Women Dark Purple Walking Shoes,"₹1,259.00","3,4,5,6,7"
 RedTape, PEACH , RLO2136,"₹4,599.00",RedTape Women Peach Walking Shoes,"₹1,379.00","3,4,5,6"
 RedTape, BEIGE, RLO1213,"₹5,899.00",RedTape Women's Beige Walking Shoes,"₹1,769.00","3,4,5,6,7"
 RedTape, WHITE  , RLO1253,"₹6,699.00",RedTape Women White Walking Shoes,"₹2,009.00","3,4,5,6,7"
 RedTape, WHITE  , RLO1254,"₹6,699.00",RedTape Women White Walking Shoes,"₹2,009.00","3,4,5,6,7"
 RedTape, PURPLE , RLO1214,"₹5,899.00",RedTape Women's Purple Walking Shoes,"₹1,769.00","3,4,5,6,7"
 RedTape, BEIGE, RLO1226,"₹5,899.00",RedTape Women's Beige Walking Shoes,"₹1,769.00","3,4,5,6,7"
 RedTape, PINK , RLO1223,"₹5,899.00",RedTape Women's Pink Walking Shoes,"₹1,769.00","3,4,5,6,7"
 RedTape, NAVY  , RLO1227,"₹5,899.00",RedTape Women's Navy Walking Shoes,"₹1,769.00","3,4,5,6,7"
 RedTape, PINK , RLO1262,"₹4,199.00",RedTape Women's Pink Walking Shoes,"₹1,259.00",4
 RedTape, BLACK, RFF1121,"₹2,199.00","RedTape Slip-On Casual Sliders for Men's - Comfortable Black Men's's Sliders, Perfect for Casual Looks",₹659.00,"6,7,8,9,10"
 RedTape, BLUE, RLO1268,"₹4,199.00",RedTape Women Blue Walking Shoes,"₹1,259.00","3,5"
 RedTape, MULTICOLOR, RLO1242,"₹6,699.00",RedTape Women Multi Color Walking Shoes,"₹2,009.00","3,4,5,6,7"
 RedTape, DARK GREY, RSO2496,"₹4,899.00","RedTape Men's Walking Shoes - Dark Grey Slip-on Shape Adjustable Sports Shoes, Perfect for Walking & Running","₹1,469.00","6,7,8,9,10"
 RedTape, BLACK/LIGHT GREY, RTF0093,"₹3,299.00",RedTape Men's Sports Sandals - Light-Weight Comfortable Sliders,₹989.00,"6,7,8,9,10"
 RedTape, BLACK, RSL0051,"₹5,799.00","RedTape Men's Black Casual Sneaker Shoes for Men - Elevated Comfort, Perfect Casual Shoes for Men","₹1,739.00","6,7,8,9,10"
 RedTape, BLACK, RMW0071,"₹4,499.00","RedTape Black Sports Shoes for Men's- Slip-On, Perfect Walking Shoes for Men","₹1,349.00","6,7,8,9,10"
 RedTape, NAVY  , RSO2824,"₹6,699.00","RedTape Navy Sports Shoes for Men's- Lace-Up Shoes, Perfect Walking & Running Shoes for Men","₹2,009.00","6,7,8,9,10"
 RedTape, WHITE  , RSO2835,"₹6,699.00","RedTape White Sports Shoes for Men's- Lace-Up Shoes, Perfect Walking & Running Shoes for Men","₹2,009.00","6,7,8,9,10"
 RedTape, GREY , RSO2836,"₹6,699.00","RedTape Grey Sports Shoes for Men's- Lace-Up Shoes, Perfect Walking & Running Shoes for Men","₹2,009.00","6,7,8,9,10"
 RedTape, NAVY  , RSO1824A,"₹5,599.00",RedTape Men's Navy Sneaker,"₹1,679.00","6,7,8,9,10"
 RedTape, GREY , RSO1822A,"₹5,599.00",RedTape Men's Grey Sneaker,"₹1,679.00","6,7,8,9,10"
 RedTape, BEIGE, RSO1826A,"₹5,599.00",RedTape Men's Beige Sneaker,"₹1,679.00","6,7,8,9"
 RedTape, BLACK, RFF1021,"₹2,199.00",RedTape Casual Sliders for Men's - Comfortable Black Slip-On Casual Sliders for Men's,₹659.00,6
 RedTape, BLACK, RLO1261,"₹4,199.00",RedTape Women's Black Walking Shoes,"₹1,259.00",4
 RedTape, OFF WHITE , RLO1265,"₹4,199.00",RedTape Women's White Walking Shoes,"₹1,259.00","3,4,5,6,7"
 RedTape, BLUE, RLO1212,"₹5,899.00",RedTape Women's Blue Walking Shoes,"₹1,769.00","3,4,5,6,7"
 RedTape, BLACK, RLO2151,"₹4,199.00",RedTape Women's Black Walking Shoes,"₹1,259.00","3,4,5,6,7"
 RedTape, WHITE  , RLO2005,"₹6,099.00",RedTape Women's White Walking Shoes,"₹1,829.00","36,37"
 RedTape, WHITE  , RLV0035,"₹4,899.00",RedTape Women's White Sneakers,"₹1,469.00",39
 RedTape, GREEN , RLO1094,"₹6,099.00",RedTape Women's Green Walking Shoes,"₹1,829.00","36,37,38,39,40"
 RedTape, BLUE, RLO1022,"₹6,799.00",RedTape Women's Blue Walking Shoes,"₹2,039.00","3,4,5,6,7"
 RedTape, BLACK, RLO1061,"₹6,699.00",RedTape Women's Black Walking Shoes,"₹2,009.00","3,4,5,6,7"
 RedTape, PURPLE , RLO1093,"₹6,099.00",RedTape Women's Purple Walking Shoes,"₹1,829.00","3,4,5,6"
 RedTape, BLUE, RLO2007,"₹6,099.00",RedTape Women's Blue Walking Shoes,"₹1,829.00","36,37,38,39,40"
 RedTape, WHITE  , RLO1075,"₹6,499.00",RedTape Women's White Walking Shoes,"₹1,949.00","3,4,5,6,7"
 RedTape, PINK , RLO1414,"₹4,899.00",RedTape Women's Pink Walking Shoes,"₹1,469.00","37,38,40"
 RedTape, WHITE  , RLO1412,"₹4,899.00",RedTape Women's White Walking Shoes,"₹1,469.00","3,4,5,6,7"
 RedTape, PINK , RLO1413,"₹4,899.00",RedTape Women's Pink Walking Shoes,"₹1,469.00","36,37,38,39,40"
 RedTape, AIRFORCE BLUE, RLV0083,"₹4,899.00",RedTape Women's Blue Sneakers,"₹1,469.00","36,37,38,39,40"
 RedTape, GREEN , RLO1036,"₹6,799.00",RedTape Women Green Walking Shoes,"₹2,039.00","36,37,38,39,40"
 RedTape, BURGUNDY, RLV0084,"₹4,899.00",RedTape Women's Brown Sneakers,"₹1,469.00","36,37,38,39,40"
 RedTape, MULTI, RLO0875,"₹6,099.00",RedTape Women's White Walking Shoes,"₹1,829.00",36
 RedTape, WHITE  , RLO1415,"₹4,899.00",RedTape Women's White Walking Shoes,"₹1,469.00","3,4,5,6,7"
 RedTape, WHITE  , RLO1416,"₹4,899.00",RedTape Women's White Walking Shoes,"₹1,469.00","3,4,5,6,7"
 RedTape, BEIGE, RLO1032,"₹6,799.00",RedTape Women Beige Walking Shoes,"₹2,039.00",39
 RedTape, BLACK, RMW0021,"₹5,299.00","RedTape Men Black Sports Walking Shoes - Utmost Comfort, Arch Support, Dynamic Feet Support, On-Ground Traction, Soft-Cushioned Insole, Perfect for Walking & Running","₹1,589.00","6,7,8,9"
 RedTape, BLACK, RSO2211,"₹6,099.00",RedTape Men Black Walking Shoes,"₹1,829.00","6,7,8,9,10"
 RedTape, GREY , RMW0023,"₹5,299.00","RedTape Men's Walking Shoes - Grey Slip-on Shape Adjustable Sports Shoes, Perfect for Walking & Running","₹1,589.00","6,7,8,9,10"
 RedTape, TEAK, RTE3194A,"₹7,599.00",RedTape Men Teak Ankle Length Boots,"₹2,279.00","6,7,8,9,10"
 RedTape, BLACK, RSO3101,"₹5,799.00",RedTape Men Black Walking Shoes,"₹1,739.00",10
 RedTape, WHITE  , RMV0055,"₹5,499.00",RedTape Men White Sneaker,"₹1,649.00",10
 RedTape, BLACK/WHITE, RMV0046,"₹5,499.00",RedTape Men Black/White Sneakers,"₹1,649.00","9,10"
 RedTape, BLACK, RMW0061,"₹4,599.00",RedTape Men Black Walking Shoes,"₹1,379.00","6,7,8,9,10"
 RedTape, RED WHITE, RSO2772,"₹6,899.00",RedTape Men's Essential Casual Sneakers- Lace-Up Red/White Sneakers,"₹2,069.00","6,8,9"
 RedTape, BLACK, RMW0011,"₹5,199.00","RedTape Men Black Sports Walking Shoes - Utmost Comfort, Arch Support, Dynamic Feet Support, On-Ground Traction, Soft-Cushioned Insole, Perfect for Walking & Running","₹1,559.00","6,7,8,9,10"
 RedTape, WHITE  , RLV0107,"₹4,899.00",RedTape Women's White Sneakers Shoes,"₹1,469.00","36,37,39"
 RedTape, WHITE  , RSO2775,"₹6,899.00",RedTape Men's Essential Casual Sneakers- Lace-Up White Sneakers,"₹2,069.00","6,7,8,9,10"
 RedTape, BLUE, RLV0106,"₹4,899.00",RedTape Women's Blue Sneakers Shoes,"₹1,469.00","36,37,38,40"
 RedTape, WHITE  , RLO1035,"₹6,799.00",RedTape Women White Walking Shoes,"₹2,039.00","36,37,38,39"
 RedTape, GREY , RSO2773,"₹6,899.00",RedTape Men's Essential Casual Sneakers- Lace-Up Grey Sneakers,"₹2,069.00","6,8,9"
 RedTape, PINK , RLO1033,"₹6,799.00",RedTape Women Pink Walking Shoes,"₹2,039.00","36,37,38,39"
 RedTape, PURPLE , RLO0932,"₹5,799.00",RedTape Women's Purple Walking Shoes,"₹1,739.00","36,37,38,39,40"
 RedTape, PINK , RLO1012,"₹6,499.00",RedTape Women's Pink Walking Shoes,"₹1,949.00","36,37,38,39,40"
 RedTape, GREY , RLO1013,"₹6,499.00",RedTape Women's Grey Walking Shoes,"₹1,949.00","36,37,38,39,40"
 RedTape, BLACK, RLO1011,"₹6,499.00",RedTape Women's Black Walking Shoes,"₹1,949.00","36,37,39"
 RedTape, WHITE PINK, RLO1034,"₹6,799.00",RedTape Women's White/Pink Walking Shoes,"₹2,039.00","36,37,38,39"
 RedTape, MULTI, RLO0873,"₹6,099.00",RedTape Women's Pink Walking Shoes,"₹1,829.00",36
 RedTape, GREY , RSO2733,"₹5,599.00",RedTape Men Grey  Walking Shoes,"₹1,679.00","6,7,8,9,10"
 RedTape, DARK BROWN, RFF0932,"₹2,199.00",RedTape Men Dark Brown Sliders,₹659.00,"6,7,8,9,10"
 RedTape, BURGANDY, RFF0926,"₹2,199.00",RedTape Men Brown Sliders,₹659.00,"6,7,8,9,10"
 RedTape, NAVY  , RFF0964,"₹2,199.00",RedTape Men Navy Sliders,₹659.00,"6,7,8,9,10"
 RedTape, WHITE GOLD, RMV0015,"₹5,599.00",RedTape Men White Sneaker,"₹1,679.00","6,7,8,9,10"
 RedTape, BEIGE, RSO2026A,"₹6,799.00",RedTape Men Beige Walking Shoes,"₹2,039.00","6,7,8,9,10"
 RedTape, WHITE  , RSO2025A,"₹6,799.00",RedTape Men White Walking Shoes,"₹2,039.00","6,7,8,9,10"
 RedTape, OLIVE  , RSO1746B,"₹6,899.00",RedTape Men Olive Walking Shoes,"₹2,069.00","6,7,8,9,10"
 RedTape, BLACK, RFF0991,"₹2,199.00",RedTape Men Black Sliders,₹659.00,6
 RedTape, NAVY  , RSO2494,"₹4,899.00",RedTape Men Navy  Walking Shoes,"₹1,469.00","6,7,8,9,10"
 RedTape, NAVY  , RSO2624,"₹5,099.00",RedTape Men Navy  Walking Shoes,"₹1,529.00","6,7,8,9"
 RedTape, NAVY  , RSO2024A,"₹6,799.00",RedTape Men Navy Walking Shoes,"₹2,039.00","6,7,8,9"
 RedTape, BLACK, RSO2491,"₹4,899.00",RedTape Men Black Walking Shoes,"₹1,469.00","6,7,8,9,10"
 RedTape, WHITE BLUE, RLV0108,"₹4,899.00",RedTape Women's White/Blue Sneakers,"₹1,469.00",37
 RedTape, BLACK, RLO0827,"₹5,999.00",RedTape Women's Black Walking Shoes,"₹1,799.00","36,37,38,39,40"
 RedTape, BLACK, RSO2415,"₹5,099.00",RedTape Men's Black Walking Shoes,"₹1,529.00","6,10,11"
 RedTape, BLACK, RSO2221,"₹6,099.00",RedTape Men's Black Walking Shoes,"₹1,829.00","6,7,8,9,10"
 RedTape, BLACK, RSO2741,"₹5,999.00",RedTape Men Black Walking Shoes,"₹1,799.00","6,7,9"
 RedTape, BLACK, RFF1001,"₹2,199.00",RedTape  Men Black Sliders,₹659.00,"6,7,8,9,10"
 RedTape, BLACK, RSO2731,"₹5,599.00",RedTape Men Black Walking Shoes,"₹1,679.00","6,7,8,9,10"
 RedTape, BLACK, RSO2623,"₹5,099.00",RedTape Men's Black Walking Shoes,"₹1,529.00",10
 RedTape, BLACK, RSO1731B,"₹6,899.00",RedTape Men Black Walking Shoes,"₹2,069.00","6,7,8,9,10"
 RedTape, BLACK, RSO1321B,"₹6,999.00",RedTape Men Black Walking Shoes,"₹2,099.00","6,7,8,9,10"
 RedTape, NAVY  , RSO1734B,"₹6,899.00",RedTape Men Navy Walking Shoes,"₹2,069.00","6,7,8,9,10"
 RedTape, OFF WHITE , RSO1738B,"₹6,899.00",RedTape Men Off White Walking Shoes,"₹2,069.00","6,7,8,9,10"
 RedTape, GREY , RSO2023A,"₹6,799.00",RedTape Men Grey Walking Shoes,"₹2,039.00","6,7,8,9,10"
 RedTape, BLACK, RSO2202,"₹7,099.00",RedTape Men's Black Walking Shoes,"₹2,129.00","6,7,8,9,10"
 RedTape, BLACK, RSO2201,"₹7,099.00",RedTape Men's Black Walking Shoes,"₹2,129.00","6,7,8,9,10"
 RedTape, BLUE, RSO2192,"₹7,099.00",RedTape Men's Blue Walking Shoes,"₹2,129.00","6,7,8,9,10,11"
 RedTape, GREY , RSO2193,"₹7,099.00",RedTape Men's Grey Walking Shoes,"₹2,129.00","6,7,8,9,10,11"
 RedTape, BLACK, RSO2222,"₹6,099.00",RedTape Men's Black Walking Shoes,"₹1,829.00","6,7,8,9,10,11"
 RedTape, WHITE  , RSO2225,"₹6,099.00",RedTape Men's White Walking Shoes,"₹1,829.00","9,10,11"
 RedTape, BLUE, RSO2227,"₹6,099.00",RedTape Men's Blue Walking Shoes,"₹1,829.00","6,7,8,9,10"
 RedTape, PURPLE , RSO2228,"₹6,099.00",RedTape Men's Purple Walking Shoes,"₹1,829.00","6,9"
 RedTape, NAVY  , RSO2224,"₹6,099.00",RedTape Men's Navy Walking Shoes,"₹1,829.00","6,7,8,9,10"
 RedTape, NAVY  , RSO2424,"₹4,799.00",RedTape Men's Navy Walking Shoes,"₹1,439.00","6,7,8,9,10"
 RedTape, BLACK, RSO2701,"₹4,799.00",RedTape Men's Black Walking Shoes,"₹1,439.00","6,7,8,9"
 RedTape, GREY , RSO1528B,"₹6,199.00",RedTape Men's Grey Walking Shoes,"₹1,859.00","6,7,8,9"
 RedTape, BLACK, RLV0101,"₹4,899.00",RedTape Women's Black Sneakers,"₹1,469.00","36,37"
 RedTape, WHITE  , RLO1015,"₹6,499.00",RedTape Women's White Walking Shoes,"₹1,949.00","36,37,38,39,40"
 RedTape, WHITE  , RSO1525B,"₹6,199.00",RedTape Men's White Walking Shoes,"₹1,859.00","7,8"
 RedTape, GREY , RSO1748B,"₹6,899.00",RedTape Men's Grey Walking Shoes,"₹2,069.00","6,7,8,9,10"
 RedTape, BLACK, RSO2422,"₹4,799.00",RedTape Men's Black Walking Shoes,"₹1,439.00","6,7,8,9,10"
 RedTape, GREY , RSO2343,"₹5,299.00",RedTape Men's Grey Walking Shoes,"₹1,589.00","6,7,8,9,10,11"
 RedTape, BLACK, RSO2331,"₹4,499.00",RedTape Men's Black Walking Shoes,"₹1,349.00","6,7,8,9,10"
 RedTape, WHITE  , RSO2195,"₹7,099.00",RedTape Men's White Walking Shoes,"₹2,129.00","6,7,8,9,10,11"
 RedTape, BLACK, RSO2191,"₹7,099.00",RedTape Men's Black Walking Shoes,"₹2,129.00","6,7,8,9,10,11"
 RedTape, BLACK/BLUE, RSO2204,"₹7,099.00",RedTape Men's Black Walking Shoes,"₹2,129.00","6,7,8,9,10,11"
 RedTape, WHITE  , RSO2205,"₹7,099.00",RedTape Men's White Walking Shoes,"₹2,129.00","6,7,8,9,10"
 RedTape, GREY , RFF1016,"₹2,199.00",RedTape Men's Grey Sliders,₹659.00,"6,7,8,9"
 RedTape, NAVY  , RSO2054,"₹6,799.00",RedTape Men's Navy Walking Shoes,"₹2,039.00","6,7,8,9,10,11"
 RedTape, BLACK, RSO1521B,"₹6,199.00",RedTape Men's Black Walking Shoes,"₹1,859.00","6,7,8,9,10"
 RedTape, WHITE PINK, RLV0095,"₹4,899.00",RedTape Women's WHITE/PINK Sneakers,"₹1,469.00",37
 RedTape, GREY , RLO1109,"₹5,199.00",RedTape Women's GREY Walking Shoes,"₹1,559.00","36,37,38,39"
 RedTape, BLUE, RLO1108,"₹5,199.00",RedTape Women's BLUE Walking Shoes,"₹1,559.00","36,37,38,39,40"
 RedTape, WHITE  , RLO1045,"₹5,099.00",RedTape Women's White Walking Shoes,"₹1,529.00",40
 RedTape, BROWN WHITE, RLV0115,"₹4,899.00",RedTape Women's White/Brown Sneakers,"₹1,469.00","36,37"
 RedTape, PINK , RLO0833,"₹5,699.00",RedTape Women's PINK Walking Shoes,"₹1,709.00","36,37,38,39,40"
 RedTape, LAVENDER , RLV0064,"₹4,899.00",RedTape Women's Lavender Sneakers,"₹1,469.00",36
 RedTape, GREEN , RLO1043,"₹5,099.00",RedTape Women's Green Walking Shoes,"₹1,529.00",40
 RedTape, BLACK, RLO1101,"₹5,199.00",RedTape Women's BLACK Walking Shoes,"₹1,559.00","36,37,38,39,40"
 RedTape, SEA BLUE, RGS0067,"₹1,499.00",RedTape Women's Sea Blue Sliders,₹449.00,"36,37,38,39,40"
 RedTape, BLACK, RSO2311,"₹5,199.00",RedTape Men Black/Grey Walking Shoes,"₹1,559.00","6,7,9,10"
 RedTape, BLACK, RSO2312,"₹5,199.00",RedTape Men Black/Grey Walking Shoes,"₹1,559.00",9
 RedTape, PURPLE , RLO1057,"₹5,099.00",RedTape Women's Purple Walking Shoes,"₹1,529.00",37
 RedTape, WHITE  , RSO2175,"₹6,899.00",RedTape Men White Walking Shoes,"₹2,069.00","6,7,8,9,10"
 RedTape, OFF-WHITE, RLO1054,"₹5,099.00",RedTape Women's Off-White Walking Shoes,"₹1,529.00","39,40"
 RedTape, BLACK, RSO2141,"₹6,899.00",RedTape Men Black Walking Shoes,"₹2,069.00","6,7,8,9,10"
 RedTape, GREY , RSO2146,"₹6,899.00",RedTape Men Grey Walking Shoes,"₹2,069.00","6,7,8,9,10"
 RedTape, BLACK, RSO2611,"₹5,399.00",RedTape Men's Black Walking Shoes,"₹1,619.00","6,7,8,9,10"
 RedTape, NAVY BLUE , RSO2144,"₹6,899.00",RedTape Men Navy Walking Shoes,"₹2,069.00","6,7,8,9,10"
 RedTape, BLACK, RSO2161,"₹6,899.00",RedTape Men Black Walking Shoes,"₹2,069.00","6,7,8,9,10"
 RedTape, BLACK, RSO2171,"₹6,899.00",RedTape Men Black Walking Shoes,"₹2,069.00","6,7,8,9,10"
 RedTape, BLACK, RSO1812,"₹5,399.00",RedTape Men's Black Walking Shoes,"₹1,619.00",6
 RedTape, BLACK, RSO1811,"₹5,399.00",RedTape Men's Black Walking Shoes,"₹1,619.00",6
 RedTape, NAVY  , RSO1814,"₹5,399.00",RedTape Men's Navy Walking Shoes,"₹1,619.00",6
 RedTape, LIGHT BLUE / WHITE, RLO0954,"₹5,099.00",RedTape Women's Light Blue / White Walking Shoes,"₹1,529.00","36,37"
 RedTape, BLUSH, RLO0952,"₹5,099.00",RedTape Women's Blush Walking Shoes,"₹1,529.00","36,37,38,39,40"
 RedTape, BLACK, RLO1041,"₹5,099.00",RedTape Women's Black Walking Shoes,"₹1,529.00","36,37"
 RedTape, INK BLUE , RLO1114,"₹4,999.00",RedTape Women's Ink Blue Walking Shoes,"₹1,499.00","36,37,38,39,40"
 RedTape, BLACK, RLO1111,"₹4,999.00",RedTape Women's Black Walking Shoes,"₹1,499.00","36,37,38,39"
 RedTape, NAVY  , RLV0054,"₹4,899.00",RedTape Women's Navy Sneakers,"₹1,469.00","36,37,38,39"
 RedTape, SAPPHIRE, RLV0065,"₹4,899.00",RedTape Women Sapphire Sneakers,"₹1,469.00",36
 RedTape, BEIGE, RLO0846,"₹5,899.00",RedTape Women Beige Walking Shoes,"₹1,769.00","36,37,38,39,40"
 RedTape, GREY , RLO0848,"₹5,899.00",RedTape Women Grey Walking Shoes,"₹1,769.00","36,37"
 RedTape, LIGHTPEACH, RLO1113,"₹4,999.00",RedTape Women Light Peach Walking Shoes,"₹1,499.00","36,37,38,39,40"
 RedTape, WHITE  , RLO0845,"₹5,899.00",RedTape Women White Walking Shoes,"₹1,769.00",37
 RedTape, AQUA MARIN, RLO1112,"₹4,999.00",RedTape Women's Aqua Marin Walking Shoes,"₹1,499.00","36,37,38,39,40"
 RedTape, BLACK, RLF0061,"₹2,999.00",RedTape Women's Black Sports Sandal,₹899.00,"36,37"
 RedTape, GREY/LIGHT BLUE, RLO1007,"₹4,499.00",RedTape Women's Grey/Light Blue Walking Shoes,"₹1,349.00","36,37,38,39,40"
 RedTape, WHITE  , RLO0855,"₹5,399.00",RedTape Women's White Walking Shoes,"₹1,619.00","36,37,38,39,40"
 RedTape, BLACK, RLO0861,"₹5,399.00",RedTape Women's Black Walking Shoes,"₹1,619.00","36,37,38,39,40"
 RedTape, NAVY  , RLO0864,"₹5,399.00",RedTape Women's Navy Walking Shoes,"₹1,619.00","36,37,38,39,40"
 RedTape, BLACK GREY, RLO0951,"₹5,099.00",RedTape Women's Black/Grey Walking Shoes,"₹1,529.00","36,37,38,39,40"
 RedTape, SEA GREEN, RLO0863,"₹5,399.00",RedTape Women's Sea Green Walking Shoes,"₹1,619.00","36,37,38,39"
 RedTape, PINK/LIGHT PINK, RLO1006,"₹4,499.00",RedTape Women's Pink/Light Pink Walking Shoes,"₹1,349.00","37,38,39"
 RedTape, PEACH , RLO1085,"₹4,599.00",RedTape Women's Peach Walking Shoes,"₹1,379.00","36,37,38,39,40"
 RedTape, LIGHT BLUE , RLO1084,"₹4,599.00",RedTape Women's Light Blue Walking Shoes,"₹1,379.00","36,37,38,39,40"
 RedTape, SKY BLUE/LIGHT BLUE, RLO1008,"₹4,499.00",RedTape Women's Sky Blue/Light Blue Walking Shoes,"₹1,349.00","36,37,38,39"
 RedTape, WHITE  , RSO2135,"₹6,499.00",RedTape Men White Walking Shoes,"₹1,949.00",7
 RedTape, GREY , RSO2136,"₹6,899.00",RedTape Men Grey Walking Shoes,"₹2,069.00","6,7,8,9"
 RedTape, BLACK, RLO0841,"₹5,899.00",RedTape Women's Black Walking Shoes,"₹1,769.00","36,37"
 RedTape, BLACK, RSO1981,"₹5,699.00",RedTape Men's Black Walking Shoes,"₹1,709.00",6
 RedTape, BLUE, RSO1953,"₹5,399.00",RedTape Men's Blue Walking Shoes,"₹1,619.00","6,7,8,9"
 RedTape, GREY , RSO2293,"₹5,299.00",RedTape Men's Grey Walking Shoes,"₹1,589.00",11
 RedTape, WHITE  , RTE3642,"₹5,199.00",RedTape Men's White Sneakers,"₹1,559.00","6,7,8,9,10"
 RedTape, BLACK, RSO2401,"₹5,299.00",RedTape Men's Black Walking Shoes,"₹1,589.00",6
 RedTape, BLACK, RSO2261,"₹4,999.00",RedTape Men's Black Walking Shoes,"₹1,499.00",6
 RedTape, NAVY BLUE , RSO2134,"₹6,899.00",RedTape Men Navy Walking Shoes,"₹2,069.00","6,7,8,9,10"
 RedTape, BLACK, RSO2421,"₹4,799.00",RedTape Men's Black Walking Shoes,"₹1,439.00","6,7,8,9,10"
 RedTape, BEIGE, RSO2133,"₹6,899.00",RedTape Men Beige Walking Shoes,"₹2,069.00","6,7,8,9,10"
 RedTape, BLACK, RSO2131,"₹6,899.00",RedTape Men Black Walking Shoes,"₹2,069.00","6,7,8,9,10"
 RedTape, BLUE, RLO0854,"₹5,399.00",RedTape Women's Blue Walking Shoes,"₹1,619.00","36,37,38,39,40"
 RedTape, WHITE/LILAC, RLV0052,"₹4,799.00",RedTape Women's White/Lilac Sneakers,"₹1,439.00","36,37,38,39,40"
 RedTape, WHITE BLUE, RLV0034,"₹4,799.00",RedTape Women's White/Blue Sneakers,"₹1,439.00","3,4,5,6,7"
 RedTape, BLACK, RLO1082,"₹4,599.00",RedTape Women's Black Walking Shoes,"₹1,379.00","3,4,5,6"
 RedTape, WHITE PINK, RLV0033,"₹4,799.00",RedTape Women's White/Pink Sneakers,"₹1,439.00","3,4,5,6,7"
 RedTape, BLACK, RLO0621A,"₹6,999.00",RedTape Women's Black Walking Shoes,"₹2,099.00","2,3,4,5"
 RedTape, BLACK, RLO0851,"₹5,399.00",RedTape Women's Black Walking Shoes,"₹1,619.00","36,37,38,39"
 RedTape, PEACH , RLO0866,"₹5,399.00",RedTape Women's Peach Walking Shoes,"₹1,619.00","36,37,38,39,40"
 RedTape, BLUE, RLO0884,"₹6,099.00",RedTape Women's Blue Walking Shoes,"₹1,829.00","36,37,38,39"
 RedTape, WHITE  , RLO0885,"₹6,099.00",RedTape Women's White Walking Shoes,"₹1,829.00","36,37,38,39,40"
 RedTape, WHITE BLUE, RFF0835,"₹2,199.00",RedTape Men White/Blue Slider,₹659.00,"6,7,8,9,10,11"
 RedTape, BLACK, RTE2791A,"₹6,999.00",RedTape Men's Black Moccasin,"₹2,099.00","7,8,9"
 RedTape, WHITE/NAVY, RLO0894,"₹6,099.00",RedTape Women's White/Navy Walking Shoes,"₹1,829.00","36,37,38,39,40"
 RedTape, PINK , RLO0886,"₹6,099.00",RedTape Women's Pink Walking Shoes,"₹1,829.00","36,37,38,39,40"
 RedTape, BLACK, RSO2001,"₹5,099.00",RedTape Men's Black Walking Shoes,"₹1,529.00","6,7,8,9,10"
 RedTape, GREY , RSO2043,"₹6,799.00",RedTape Men's Grey Walking Shoes,"₹2,039.00",10
 RedTape, OLIVE  , RSO1873,"₹5,399.00",RedTape Men's Olive Walking Shoes,"₹1,619.00",6
 RedTape, BLUE WHITE, RSO2014,"₹6,499.00",RedTape Men's Blue/White Walking Shoes,"₹1,949.00",10
 RedTape, BLACK, RSO2231,"₹5,699.00",RedTape Men's Black Walking Shoes,"₹1,709.00","6,7,8,9,10"
 RedTape, BLACK, RSO2271,"₹5,299.00",RedTape Men's Black Walking Shoes,"₹1,589.00","6,9"
 RedTape, WHITE  , RSO2065,"₹6,899.00",RedTape Men's White Walking Shoes,"₹2,069.00","6,7,10,11"
 RedTape, BLACK, RSO2041,"₹6,799.00",RedTape Men's Black Walking Shoes,"₹2,039.00","9,10"
 RedTape, NAVY  , RSO1954,"₹5,399.00",RedTape Men Navy Walking Shoes,"₹1,619.00","6,8,9,10"
 RedTape, BEIGE, RLF0065,"₹2,999.00",RedTape Women's Beige Thong Slipper,₹899.00,"36,37,39,40"
 RedTape, NAVY  , RLF0064,"₹2,999.00",RedTape Women's Navy Thong Slipper,₹899.00,"36,37,38,39"
 RedTape, BLUSH, RLF0066,"₹2,999.00",RedTape Women's Blush Thong Slipper,₹899.00,"36,37,39,40"
 RedTape, BLACK/YELLOW, RSO1971,"₹5,599.00",RedTape Men Black Walking Shoes,"₹1,679.00","6,7,8,9,10,11"
 RedTape, TURQUOISE , RLF0063,"₹2,999.00",RedTape Women's Turquoise Thong Slipper,₹899.00,"36,37,38,39,40"
 RedTape, PURPLE , RLO0858,"₹5,399.00",RedTape Women's Purple Walking Shoes,"₹1,619.00","36,37,38,39"
 RedTape, GREEN , RLO0782A,"₹5,999.00",RedTape Women's Green Walking Shoes,"₹1,799.00","36,37,38,39,40"
 RedTape, PEACH , RLO0682A,"₹5,199.00",RedTape Women's Peach Walking Shoes,"₹1,559.00","35,36,37,38,39"
 RedTape, SKY BLUE , RGS0064,"₹1,499.00",RedTape Women Blue Sunnies Sliders,₹449.00,"36,37,38,39,40"
 RedTape, BLUE, RLO0744B,"₹5,299.00",RedTape Women's Blue Walking Shoes,"₹1,589.00","35,36,37,38,39,40"
 RedTape, PINK , RLO0783A,"₹5,999.00",RedTape Women's Pink Walking Shoes,"₹1,799.00","36,37,39,40"
 RedTape, NAVY  , RLO0754B,"₹4,999.00",RedTape Women's Navy Walking Shoes,"₹1,499.00","36,37,39"
 RedTape, BLACK, RLO1081,"₹4,599.00",RedTape Women's Black Walking Shoes,"₹1,379.00","36,38,39"
 RedTape, BLACK, RSO2011,"₹6,499.00",RedTape Men's Black Walking Shoes,"₹1,949.00","6,7,8,9,10"
 RedTape, GREY , RSO2013,"₹6,499.00",RedTape Men's Grey Walking Shoes,"₹1,949.00","6,7,10"
 RedTape, WHITE  , RSO2015,"₹6,499.00",RedTape Men's White Walking Shoes,"₹1,949.00","9,10,11"
 RedTape, BLACK, RFF0863,"₹2,199.00",RedTape Men's Black Sliders,₹659.00,"6,7,8,9,10,11"
 RedTape, BLACK, RSO2381,"₹5,299.00",RedTape Men Black Walking Shoes,"₹1,589.00","9,10"
 RedTape, RED , RFF0877,"₹2,199.00",RedTape Men's Red Sliders,₹659.00,"6,7,8,9,10,11"
 RedTape, SLATE BLUE, RFF0834,"₹2,199.00",RedTape Men's Slate Blue Sliders,₹659.00,"6,7,8,9,10,11"
 RedTape, BEIGE, RSO2016,"₹6,499.00",RedTape Men's Beige Walking Shoes,"₹1,949.00","6,7,10"
 RedTape, SKY BLUE , RLO0616A,"₹4,199.00",RedTape Women's Sky Blue Walking Shoes,"₹1,259.00","36,37,38,39,40"
 RedTape, PINK , RLO0617A,"₹4,199.00",RedTape Women's Pink Walking Shoes,"₹1,259.00","36,37,38,39,40"
 RedTape, SLATE BLUE, RSO2275,"₹5,299.00",RedTape Men Slate Blue Walking Shoes,"₹1,589.00",7
 RedTape, BLACK, RSO2232,"₹5,699.00",RedTape Men's Black Walking Shoes,"₹1,709.00","6,7,8,9,10,11"
 RedTape, BLACK, RSO2272,"₹5,299.00",RedTape Men Black Walking Shoes,"₹1,589.00",9
 RedTape, NAVY  , RSO2234,"₹5,699.00",RedTape Men Navy Walking Shoes,"₹1,709.00","6,7,8,9,10,11"
 RedTape, MINT GREEN , RLO0822,"₹5,599.00",RedTape Women's Mint Green Walking Shoes,"₹1,679.00","36,37,38,39,40"
 RedTape, WHITE BLUE, RLO0925,"₹6,099.00",RedTape Women's White And Blue Walking Shoes,"₹1,829.00","36,37,38,39"
 RedTape, WHITE  , RLO0615A,"₹4,199.00",RedTape Women's White Walking Shoes,"₹1,259.00","36,37,38,39,40"
 RedTape, BLUE, RLO0914,"₹6,299.00",RedTape Women's Blue Walking Shoes,"₹1,889.00","36,37,38,39,40"
 RedTape, GREY , RLO0926,"₹6,099.00",RedTape Women's Grey Walking Shoes,"₹1,829.00","36,37,38"
 RedTape, PURPLE , RLO0903,"₹6,299.00",RedTape Women's Purple Walking Shoes,"₹1,889.00",39
 RedTape, PINK , RLO0902,"₹6,299.00",RedTape Women's Pink Walking Shoes,"₹1,889.00","36,37,38,39,40"
 RedTape, WHITE PINK, RLO0922,"₹6,099.00",RedTape Women's White And Pink Walking Shoes,"₹1,829.00","36,37,38,39"
 RedTape, PURPLE , RLO0923,"₹6,099.00",RedTape Women's Purple Walking Shoes,"₹1,829.00","36,37,38,39,40"
 RedTape, TAN, RTE3552,"₹6,899.00",RedTape Men's Tan Mocassin,"₹2,069.00","7,8,9,10"
 RedTape, BLACK/ICE GREY, RSO2296,"₹5,299.00",RedTape Men's BLACK/ICE GREY Walking Shoes,"₹1,589.00",6
 RedTape, PINK , RLO0912,"₹6,299.00",RedTape Women's Pink Walking Shoes,"₹1,889.00","36,37,38,39,40"
 RedTape, TEAL WHITE, RTE3615,"₹5,199.00",RedTape Men's White/Teal Sneakers,"₹1,559.00","6,7,8,9,10"
 RedTape, BLACK, RFF0832,"₹2,199.00",RedTape Men's Black Sliders,₹659.00,"6,7,8,9,10,11"
 RedTape, NAVY  , RSO2354,"₹5,399.00",RedTape Men's Navy Walking Shoes,"₹1,619.00",6
 RedTape, AIRFORCE BLUE, RFF0861,"₹2,199.00",RedTape Men's Blue Sliders,₹659.00,"6,7,8,9,10,11"
 RedTape, BEIGE, RSO2086,"₹6,899.00",RedTape Men's Beige Walking Shoes,"₹2,069.00","8,9,10,11"
 RedTape, NAVY  , RSO2344,"₹5,299.00",RedTape Men's Navy Walking Shoes,"₹1,589.00","6,7,8,9,10,11"
 RedTape, BLACK, RFF0836,"₹2,199.00",RedTape Men's Black Sliders,₹659.00,"6,7,8,9,10,11"
 RedTape, ELECTRIC BLUE, RFF0831,"₹2,199.00",RedTape Men's Electric Blue Sliders,₹659.00,"6,7,8,9,10,11"
 RedTape, BLACK, RLO0811A,"₹6,699.00",RedTape Women's Black Walking Shoes,"₹2,009.00","36,37,38,39"
 RedTape, PINK , RLO0813A,"₹6,699.00",RedTape Women's Pink Walking Shoes,"₹2,009.00","36,37,38"
 RedTape, SAPPHIRE, RFF0864,"₹2,199.00",RedTape Men's Sapphire Sliders,₹659.00,"6,7,8,9,10,11"
 RedTape, BLACK GREY, RSO2295,"₹5,299.00",RedTape Men's Black/Grey Walking Shoes,"₹1,589.00","8,10"
 RedTape, BEIGE, RLO0826,"₹5,599.00",RedTape Women's Beige Walking Shoes,"₹1,679.00","36,37,38,39"
 RedTape, LILAC, RLO0823,"₹5,599.00",RedTape Women's Lilac Walking Shoes,"₹1,679.00","36,37,38"
 RedTape, BLUE, RLO0764A,"₹5,899.00",RedTape Women's Blue Walking Shoes,"₹1,769.00","36,37,38"
 RedTape, BLACK WHITE, RLO0761A,"₹5,899.00",RedTape Women's Black And White Walking Shoes,"₹1,769.00","36,37,38"
 RedTape, BEIGE, RLO0766A,"₹5,899.00",RedTape Women's Beige Walking Shoes,"₹1,769.00","36,37"
 RedTape, PINK , RLO0793A,"₹6,299.00",RedTape Women's Pink Walking Shoes,"₹1,889.00","36,37,38"
 RedTape, NAVY  , RLO0774A,"₹5,799.00",RedTape Women's Navy Walking Shoes,"₹1,739.00","36,37,38,39,40"
 RedTape, BLUE, RLO0704A,"₹6,299.00",RedTape Women's Blue Walking Shoes,"₹1,889.00",37
 RedTape, LILAC, RLO0773A,"₹5,799.00",RedTape Women's Lilac Walking Shoes,"₹1,739.00","36,37,38,39,40"
 RedTape, WHITE  , RLO0775A,"₹5,799.00",RedTape Women's White Walking Shoes,"₹1,739.00","36,37,38,39,40"
 RedTape, BLUE, RLO0756B,"₹4,999.00",RedTape Women's Blue Walking Shoes,"₹1,499.00","36,37,40"
 RedTape, BLACK, RLO0671A,"₹5,599.00",RedTape Women's Black Walking Shoes,"₹1,679.00","36,37,38,39,40"
 RedTape, GREEN , RLO0656A,"₹5,499.00",RedTape Women's Green Walking Shoes,"₹1,649.00","35,36,37,38,39,40"
 RedTape, PINK AND BURGUNDY, RLO0673A,"₹5,599.00",RedTape Women's Pink And Burgundy Walking Shoes,"₹1,679.00","35,36,37,38,39,40"
 RedTape, WHITE PINK, RLO0676A,"₹5,599.00",RedTape Women's White And Pink Walking Shoes,"₹1,679.00","35,36,37,38,39,40"
 RedTape, WHITE  , RLO0675A,"₹5,599.00",RedTape Women's White Walking Shoes,"₹1,679.00","36,37,38,39,40"
 RedTape, BLACK, RLO0681A,"₹5,199.00",RedTape Women's Black Walking Shoes,"₹1,559.00","35,36,37"
 RedTape, PINK , RLO0683A,"₹5,199.00",RedTape Women's Pink Walking Shoes,"₹1,559.00","35,36,37,38"
 RedTape, BLACK, RLO0731B,"₹5,299.00",RedTape Women's Black Walking Shoes,"₹1,589.00","36,37"
 RedTape, NAVY BLACK, RFF0881,"₹2,199.00",RedTape Men's Black/Navy Sliders,₹659.00,"6,7,8,9,10,11"
 RedTape, BLUE, RLO0684A,"₹5,199.00",RedTape Women's Blue Walking Shoes,"₹1,559.00",35
 RedTape, GREY , RLO0738B,"₹5,299.00",RedTape Women's Grey Walking Shoes,"₹1,589.00","35,36,37,38,39"
 RedTape, PURPLE , RLO0733B,"₹5,299.00",RedTape Women's Purple Walking Shoes,"₹1,589.00","35,36,37,38"
 RedTape, NAVY  , RFF0883,"₹2,199.00",RedTape Men's Navy Sliders,₹659.00,"6,7,8,9,10,11"
 RedTape, BLACK, RTE3704,"₹5,199.00",RedTape Men's Black Sneakers,"₹1,559.00","6,7,8,9,10"
 RedTape, BLACK, RSO2341,"₹5,299.00",RedTape Men's Black Walking Shoes,"₹1,589.00","6,7,8,9,10"
 RedTape, WHITE  , RFF0825,"₹1,799.00",RedTape Men's White Sliders,₹539.00,"6,7,8,9,10"
 RedTape, BLACK/YELLOW, RTE3701,"₹5,199.00",RedTape Men's Black/Yellow Sneakers,"₹1,559.00","6,7,9"
 RedTape, BLACK, RSO2061,"₹6,899.00",RedTape Men's Black Walking Shoes,"₹2,069.00","6,7,8,9,10,11"
 RedTape, ICE GREY, RFF0816,"₹2,199.00",RedTape Men's Ice Grey Sliders,₹659.00,"6,7,8,9"
 RedTape, OLIVE/YELLOW, RFF0857,"₹2,199.00",RedTape Men's Olive/Yellow Sliders,₹659.00,"6,7,8,9,10,11"
 RedTape, BLACK, RGS0001,"₹1,299.00",RedTape Women's Black Sliders,₹389.00,"36,37,38,39"
 RedTape, BLACK, RSO2262,"₹4,999.00",RedTape Men's Black Walking Shoes,"₹1,499.00","6,7,9,10"
 RedTape, WHITE  , RSO2265,"₹4,999.00",RedTape Men's White Walking Shoes,"₹1,499.00","6,7,9"
 RedTape, AIRFORCE BLUE, RFF0872,"₹2,199.00",RedTape Men's Airforce Blue Sliders,₹659.00,"6,7,8,9,10,11"
 RedTape, WHITE  , RLO0655A,"₹5,499.00",RedTape Women's White Walking Shoes,"₹1,649.00",38
 RedTape, BLUE, RLO0584A,"₹6,899.00",RedTape Women's Blue Walking Shoes,"₹2,069.00","36,37"
 RedTape, BLUE, RLO0644A,"₹6,999.00",RedTape Women's Blue Walking Shoes,"₹2,099.00","35,36,37,38"
 RedTape, WHITE  , RLO0625A,"₹6,999.00",RedTape Women's White Walking Shoes,"₹2,099.00","35,36,37,38,39"
 RedTape, PINK , RLO0643A,"₹6,999.00",RedTape Women's Pink Walking Shoes,"₹2,099.00",36
 RedTape, BLUE, RLO0634A,"₹6,899.00",RedTape Women's Blue Walking Shoes,"₹2,069.00","35,36,37"
 RedTape, PINK , RLO0623A,"₹6,999.00",RedTape Women's Pink Walking Shoes,"₹2,099.00","35,36,37"
 RedTape, BEIGE, RLO0638A,"₹6,899.00",RedTape Women's Beige Walking Shoes,"₹2,069.00","35,36,37,38,39"
 RedTape, BLACK, RLO0651A,"₹5,499.00",RedTape Women's Black Walking Shoes,"₹1,649.00",38
 RedTape, BLUE, RLO0654A,"₹5,499.00",RedTape Women's Blue Walking Shoes,"₹1,649.00","35,36,37,38,39"
 RedTape, MAUVE , RLO0646A,"₹6,999.00",RedTape Women's Mauve Walking Shoes,"₹2,099.00","35,36,37,39"
 RedTape, GREY , RLO0636,"₹6,599.00",RedTape Women's Grey Walking Shoes,"₹1,979.00","35,36,37,38"
 RedTape, PINK , RLO0693,"₹6,599.00",RedTape Women's Pink Walking Shoes,"₹1,979.00","35,36"
 RedTape, BLUE, RLO0694,"₹6,599.00",RedTape Women's Blue Walking Shoes,"₹1,979.00","35,36,37,38"
 RedTape, OFF WHITE , RLO0695,"₹6,599.00",RedTape Women's Off White Walking Shoes,"₹1,979.00","35,36,37,38"
 RedTape, BLACK, RLO0691,"₹6,599.00",RedTape Women's Black Walking Shoes,"₹1,979.00","35,36"
 MODE by RedTape, MAUVE , RLO0583,"₹6,599.00",RedTape Women's Mauve Walking Shoes,"₹1,979.00","35,36"
 RedTape, LILAC, RLV0007,"₹4,399.00",RedTape Women Lilac Sneakers,"₹1,319.00","35,36,37"
 RedTape, PINK , RLO0603,"₹6,599.00",RedTape Women Pink Walking Shoes,"₹1,979.00","35,36"
 RedTape, SILVER, RLV0008,"₹4,399.00",RedTape Women Silver Sneakers,"₹1,319.00",36
 RedTape, WHITE  , RLV0015,"₹4,399.00",RedTape Women White Sneakers,"₹1,319.00",36
 RedTape, BABY PINK, RLV0018,"₹4,399.00",RedTape Women Baby Pink Sneakers,"₹1,319.00","35,36"
 RedTape, OFF WHITE , RLV0026,"₹4,399.00",RedTape Women Off White Sneakers,"₹1,319.00","36,37,38"
 RedTape, AIRFORCE BLUE, RFF0814,"₹2,199.00",RedTape Men's Airforce Blue Sliders,₹659.00,"6,7,8,9,10"
 RedTape, GREY , RSO1958,"₹5,799.00",RedTape Men's Grey Walking Shoes,"₹1,739.00","8,9"
 RedTape, TAN, RTE3197A,"₹7,599.00",RedTape Men's Tan Ankle Length Boots,"₹2,279.00","6,7,8,9,10"
 RedTape, TEAK, RTE3282A,"₹7,599.00",RedTape Men's Teak Chelsea Boots,"₹2,279.00",7
 RedTape, BORDO, RTE3192A,"₹7,599.00",RedTape Men's Bordo Ankle Length Boots,"₹2,279.00","6,7,8,9,10"
 RedTape, BROWN, RTE3492,"₹6,899.00",RedTape Men Brown Derby Shoes,"₹2,069.00",7
 RedTape, BLACK, RTE3191A,"₹7,599.00",RedTape Men's Black Ankle Length Boots,"₹2,279.00","6,7,8,9,10"
 RedTape, NAVY  , RSO2254,"₹5,299.00",RedTape Men's Navy Walking Shoes,"₹1,589.00",6
 RedTape, BLACK, RTE3551,"₹6,899.00",RedTape Men's Black Moccasin,"₹2,069.00",7
 RedTape, TAN, RTE3572,"₹6,999.00",RedTape Men's Tan Moccasin,"₹2,099.00","7,8,9"
 RedTape, BLACK GREY, RSO2391,"₹5,499.00",RedTape Men Black/Grey Running Shoes,"₹1,649.00","6,7,8,9"
 RedTape, TEAL  , RFF0802,"₹1,799.00",RedTape Men's Teal Thong Flip-Flop,₹539.00,"6,7,8,9,10"
 RedTape, NAVY , RLO0294,"₹5,695.00",RedTape Women Navy Walking Shoes,"₹1,708.00","35,36,37,38"
 RedTape, WHITE , RLO0295,"₹5,695.00",RedTape Women White Walking Shoes,"₹1,708.00","36,37"
 RedTape, BLACK, RLO0461,"₹4,499.00",RedTape Women Black Walking Shoes,"₹1,349.00","36,37"
 RedTape, NAVY  , RLV0024,"₹4,399.00",RedTape Women Navy Sneakers,"₹1,319.00","35,36,37,38,39"
 RedTape, PURPLE , RLO0567,"₹6,599.00",RedTape Women Purple Walking Shoes,"₹1,979.00",37
 RedTape, SILVER, RLO0587,"₹6,599.00",RedTape Women Silver Walking Shoes,"₹1,979.00",36
 RedTape, BLACK, RLO0561,"₹6,599.00",RedTape Women Black Walking Shoes,"₹1,979.00",36
 RedTape, NAVY  , RLO0574,"₹6,599.00",RedTape Women Navy Walking Shoes,"₹1,979.00",37
 RedTape, BLACK, RLO0291,"₹5,695.00",RedTape Women Black Walking Shoes,"₹1,708.00","35,36,37,38"
 RedTape, WHITE  , RLO0435,"₹4,099.00",RedTape Women White Walking Shoes,"₹1,229.00","36,37"
 RedTape, WHITE  , RLO0595,"₹6,599.00",RedTape Women White Walking Shoes,"₹1,979.00",36
 RedTape, BLACK, RLV0011,"₹4,399.00",RedTape Women Black Sneakers,"₹1,319.00","35,36"
 RedTape, RED , RLO0551,"₹5,299.00",RedTape Women Red Walking Shoes,"₹1,589.00","36,37,38"
 RedTape,  BLACK, RLO0431,"₹4,099.00",RedTape Women Black Walking Shoes,"₹1,229.00","36,37,38"
 RedTape, BLACK, RLO0541,"₹5,199.00",RedTape Women Black Walking Shoes,"₹1,559.00","36,37"
 RedTape, WHITE  , RLO0525,"₹5,199.00",RedTape Women White Walking Shoes,"₹1,559.00",37
 RedTape, NAVY  , RLO0414,"₹4,099.00",RedTape Women Navy Walking Shoes,"₹1,229.00",36
 RedTape, NAVY  , RLO0544,"₹5,199.00",RedTape Women Navy Walking Shoes,"₹1,559.00","36,37,38"
 RedTape, NAVY  , RLO0534,"₹5,299.00",RedTape Women Navy Walking Shoes,"₹1,589.00","36,37"
 RedTape, WHITE  , RLO0555,"₹5,299.00",RedTape Women White Walking Shoes,"₹1,589.00",37
 RedTape, BURGUNDY, RLO0432,"₹4,099.00",RedTape Women Burgundy Walking Shoes,"₹1,229.00",36
 RedTape, GREY , RLO0448,"₹4,199.00",RedTape Women Grey Walking Shoes,"₹1,259.00",37
 RedTape, BURGANDY, RLO0292,"₹5,695.00",RedTape Women Burgundy Walking Shoes,"₹1,708.00","35,36,37,38,39"
 RedTape, DARK GREEN, RFF0876,"₹2,199.00",RedTape Men's Dark Green Sliders,₹659.00,"6,7,8,9,10,11"
 RedTape, GREY RED, RFF0845,"₹2,199.00",RedTape Men's Grey/Red Sliders,₹659.00,"6,7,8,9,10,11"
 RedTape, BLACK, RLO0441,"₹4,199.00",RedTape Women Black Walking Shoes,"₹1,259.00","36,37"
 RedTape, WHITE  , RFF0805,"₹1,799.00",RedTape Men White Sunnies Thong Flip-Flops,₹539.00,"6,7,8,9,10"
 RedTape, ELECTRIC BLUE, RFF0874,"₹2,199.00",RedTape Men's Electric Blue Sliders,₹659.00,"6,7,8,9,10,11"
 RedTape, ICE GREY, RFF0885,"₹2,199.00",RedTape Men's Ice Grey Sliders,₹659.00,"6,7,8,9,10,11"
 RedTape, NAVY  , RFF0862,"₹2,199.00",RedTape Men's Navy Sliders,₹659.00,"6,7,8,9,10,11"
 RedTape, DARK GREEN, RFF0882,"₹2,199.00",RedTape Men's Dark Green Sliders,₹659.00,"6,7,8,9,10,11"
 RedTape, ELECTRIC BLUE, RFF0887,"₹2,199.00",RedTape Men's Electric Blue Sliders,₹659.00,"6,7,8,9,10,11"
 RedTape, GREY , RSO2053,"₹6,799.00",RedTape Men's Grey Walking Shoes,"₹2,039.00","6,10,11"
 RedTape, BLACK, RSO1952,"₹5,799.00",RedTape Men's Black Walking Shoes,"₹1,739.00","6,7,8,9,10,11"
 RedTape, WHITE  , RFF0886,"₹2,199.00",RedTape Men's White Sliders,₹659.00,"6,7,8,9,10,11"
 RedTape, BLACK/BLUE, RSO1973,"₹5,599.00",RedTape Men's Black/Blue Walking Shoes,"₹1,679.00","6,7,9,10"
 RedTape, NAVY  , RLF0034,"₹3,795.00",RedTape Women Navy Sports Sandal,"₹1,138.00",36
 RedTape, PURPLE , RLF0038,"₹3,795.00",RedTape Women Purple Flats,"₹1,138.00",36
 RedTape, BLACK, RLF0031,"₹3,795.00",RedTape Women Black Flats,"₹1,138.00",36
 RedTape, WHITE  , RLO0305,"₹5,395.00",RedTape Women White Walking Shoes,"₹1,618.00","35,36,37"
 RedTape, BLACK GREY, RFF0853,"₹2,199.00",RedTape Men's Grey/Black Sliders,₹659.00,"6,7,8,9,10,11"
 RedTape, BLACK/ORANGE, RFF0854,"₹2,199.00",RedTape Men's Black/Orange Sliders,₹659.00,"6,7,8,9,10,11"
 RedTape, ICE GREY, RFF0873,"₹2,199.00",RedTape Men's Ice Grey Sliders,₹659.00,"6,7,8,9,10,11"
 RedTape, BLACK/LIME, RFF0851,"₹2,199.00",RedTape Men's Black/Lime Sliders,₹659.00,"6,7,8,9,10,11"
 RedTape, BLACK/WHITE, RFF0852,"₹2,199.00",RedTape Men's Black/White Sliders,₹659.00,"6,7,8,9,10,11"
 RedTape, DARK GREEN, RFF0865,"₹2,199.00",RedTape Men's Dark Green Sliders,₹659.00,"6,7,8,9,10,11"
 RedTape, ELECTRIC BLUE, RFF0855,"₹2,199.00",RedTape Men's Electric Blue Sliders,₹659.00,"6,7,8,9,10,11"
 RedTape, OLIVE  , RFF0875,"₹2,199.00",RedTape Men's Olive Sliders,₹659.00,"6,7,8,9,10,11"
 RedTape, BLACK, RFF0884,"₹2,199.00",RedTape Men's Black Sliders,₹659.00,"6,7,8,9,10,11"
 RedTape, BLACK, RSO2252,"₹5,299.00",RedTape Men's Black Walking Shoes,"₹1,589.00","7,9"
 RedTape, WHITE/MULTI, RTE3636,"₹5,199.00",RedTape Men's White/Multi Sneakers,"₹1,559.00","6,7,8,9,10"
 RedTape, OLIVE  , RSO2253,"₹5,299.00",RedTape Men's Olive Walking Shoes,"₹1,589.00","6,7,8,9"
 RedTape, BLACK/BLUE, RFF0844,"₹2,199.00",RedTape Men's Black/Blue Sliders,₹659.00,"6,7,8,9,10,11"
 RedTape, BROWN, RTE3582,"₹6,999.00",RedTape Men's Brown Slip-On Shoes,"₹2,099.00",7
 RedTape, BLACK, RCS0041,"₹3,999.00",RedTape Men's Black Thong Sandal,"₹1,199.00","8,9,10,11"
 RedTape, BROWN, RCS0042,"₹3,999.00",RedTape Men's Brown Thong Sandal,"₹1,199.00","7,8,9,10,11"
 RedTape, BLACK, RTE3611,"₹6,999.00",RedTape Men's Black Slip-On Shoes,"₹2,099.00","7,8,9"
 RedTape, BLACK, RSO1951,"₹5,799.00",RedTape Men's Black Walking Shoes,"₹1,739.00","6,7,8,9,10"
 RedTape, TAN, RCS0046,"₹3,999.00",RedTape Men's Tan Thong Sandal,"₹1,199.00","7,8,9,10,11"
 RedTape, GREY , RFF0833,"₹2,199.00",RedTape Men's Grey Sliders,₹659.00,"6,7,8,9,10,11"
 RedTape, BLACK, RFF0871,"₹2,199.00",RedTape Men's Black Sliders,₹659.00,"6,7,8,9,10,11"
 RedTape, LIGHT BLUE , RSO1942,"₹5,099.00",RedTape Men's Light Blue Walking Shoes,"₹1,529.00",9
 RedTape, BLACK/GREEN, RFF0843,"₹2,199.00",RedTape Men's Black/Green Sliders,₹659.00,"6,7,8,9,10,11"
 RedTape, NAVY  , RFF0841,"₹2,199.00",RedTape Men's Navy Sliders,₹659.00,"6,7,8,9,10,11"
 RedTape, BLACK, RTE3481,"₹6,899.00",RedTape Men's Black Derby Shoes,"₹2,069.00","7,8"
 RedTape, BLACK, RTE3483,"₹7,499.00",RedTape Men's Black Derby Shoes,"₹2,249.00",7
 RedTape, BLACK, RTE3571,"₹6,999.00",RedTape Men's Black Moccasin,"₹2,099.00","7,8"
 RedTape, BLACK, RTE3601,"₹6,999.00",RedTape Men's Black Slip-On Shoes,"₹2,099.00","7,8,9"
 RedTape, BLACK, RTE3591,"₹6,899.00",RedTape Men's Black Slip-On Shoes,"₹2,069.00","8,9"
 RedTape, BLACK, RSO1691,"₹5,299.00",RedTape Men's Black Walking Shoes,"₹1,589.00","6,7,8,9,10"
 RedTape, BLACK, RSO1941,"₹5,099.00",RedTape Men's Black Walking Shoes,"₹1,529.00","7,8,9,11"
 RedTape, BLACK, RFF0811,"₹2,199.00",RedTape Men's Black Sliders,₹659.00,"6,7,8,9,10"
 RedTape, DARK BROWN, RCS0008,"₹3,999.00",RedTape Men's Dark Brown Thong Sandal,"₹1,199.00","7,8,9,10,11"
 RedTape, LIGHT BROWN, RCS0033,"₹3,999.00",RedTape Men's Light Brown Thong Sandal,"₹1,199.00","7,8,9,10,11"
 RedTape, BLACK, RCS0036,"₹3,999.00",RedTape Men's Black Thong Sandal,"₹1,199.00","7,8,9,10,11"
 RedTape, BROWN, RTE2794,"₹6,999.00",RedTape Men's Brown Moccasin,"₹2,099.00",7
 RedTape, NAVY  , RFF0827,"₹1,799.00",RedTape Men Navy Blue Solid Sunnies Sliders,₹539.00,"6,7,8,9,10"
 Bond Street by RedTape, BLACK, BSA2021,"₹4,899.00",Bond Street by RedTape Men's Black Walking Shoes,"₹1,469.00","8,11"
 RedTape, BLACK, RTE3531,"₹6,999.00",RedTape Men's Black Derby Shoes,"₹2,099.00","7,10"
 RedTape, NAVY  , RSO1994,"₹4,899.00",RedTape Men's Navy Walking Shoes,"₹1,469.00","6,8,9"
 RedTape, BLACK, RFF0801,"₹1,799.00",RedTape Men Black Sunnies Thong Flip-Flops,₹539.00,"6,7,8,9,10"
 RedTape, AIRFORCE BLUE, RFF0803,"₹1,799.00",RedTape Men Blue Sunnies Thong Flip-Flops,₹539.00,"6,7,8,9,10"
 RedTape, BLACK, RSO2091,"₹5,299.00",RedTape Men's Black Walking Shoes,"₹1,589.00","6,7,8,9,10"
 RedTape, AIRFORCE BLUE, RFF0824,"₹1,799.00",RedTape Men Blue Sunnies Sliders,₹539.00,"6,7,8,9,10"
 RedTape, NAVY  , RFF0804,"₹1,799.00",RedTape Men Navy Blue Sunnies Thong Flip-Flops,₹539.00,"6,7,8,9,10"
 RedTape, BLACK, RFF0821,"₹1,799.00",RedTape Men Black Solid Sunnies Sliders,₹539.00,"6,7,8,9,10"
 RedTape, ELECTRIC BLUE, RFF0808,"₹1,799.00",RedTape Men Blue Sunnies Thong Flip-Flops,₹539.00,"6,7,8,9,10"
 RedTape, ELECTRIC BLUE, RFF0826,"₹1,799.00",RedTape Men Blue Sunnies Sliders,₹539.00,"6,7,8,9,10"
 Bond Street by RedTape, BLUE BLACK, BSA2071,"₹4,999.00",Bond Street by RedTape Men's Black And Blue Walking Shoes,"₹1,499.00","8,10,11"
 RedTape, GREY , RFF0807,"₹1,799.00",RedTape Men Grey Sunnies Sliders,₹539.00,"6,7,8,9,10"
 RedTape, GREY , RFF0823,"₹1,799.00",RedTape Men Grey Solid Sunnies Thong Flip Flops,₹539.00,"6,7,8,9,10"
 RedTape, WHITE  , RSO1605,"₹6,299.00",RedTape Men's White Walking Shoes,"₹1,889.00","6,7,9,10,11"
 RedTape, WHITE  , RSO1565B,"₹5,599.00",RedTape Men's White Walking Shoes,"₹1,679.00","6,10,11"
 RedTape, DARK GREEN, RFF0812,"₹2,199.00",RedTape Men's Dark Green Sliders,₹659.00,"6,7,8,9,10,11"
 RedTape, BLACK, RSO1991,"₹4,899.00",RedTape Men's Black Walking Shoes,"₹1,469.00","6,10,11"
 RedTape, BLACK, RSO1621,"₹6,299.00",RedTape Men's Black Walking Shoes,"₹1,889.00","6,9,10"
 RedTape, WHITE  , RFF0735,"₹1,999.00",RedTape Men's White Sliders,₹599.00,"6,7,8,9,10,11"
 RedTape, BLUE, RSO1264B,"₹6,599.00",RedTape Men's Blue Walking Shoes,"₹1,979.00","6,7,10"
 RedTape, WHITE  , RSO1735A,"₹6,299.00",RedTape Men's White Walking Shoes,"₹1,889.00","6,9,10"
 RedTape, BLACK, RSO1881,"₹5,399.00",RedTape Men's Black Walking Shoes,"₹1,619.00",6
 RedTape, NAVY  , RSO1604,"₹6,299.00",RedTape Men's Navy Walking Shoes,"₹1,889.00",6
 RedTape, BLACK, RCS0031A,"₹3,999.00",RedTape Men's Black Thong Sandal,"₹1,199.00",8
 RedTape, BROWN, RCS0032A,"₹3,999.00",RedTape Men's Brown Thong Sandal,"₹1,199.00","7,8"
 RedTape, NAVY  , RCS0034A,"₹3,999.00",RedTape Men's Navy Thong Sandal,"₹1,199.00","7,8,9,10,11"
 RedTape, WHITE  , RSO1295A,"₹5,499.00",RedTape Men's White Walking Shoes,"₹1,649.00","6,7,8,9"
 RedTape, BLACK, RSO1311A,"₹5,499.00",RedTape Men's Black Walking Shoes,"₹1,649.00","6,7,8"
 RedTape, BORDO, RTE2782A,"₹6,599.00",RedTape Men's Bordo Slip-On Shoes,"₹1,979.00","7,8,9,10"
 RedTape, WHITE  , RSO1305A,"₹5,499.00",RedTape Men's White Walking Shoes,"₹1,649.00",9
 RedTape, BLACK, RTE3401A,"₹6,799.00",RedTape Men's Black Derby Shoes,"₹2,039.00","8,9"
 RedTape, TAN, RTE2803A,"₹6,199.00",RedTape Men's Tan Slip-On Shoes,"₹1,859.00","7,8,9,10"
 RedTape, BLACK, RSO1301A,"₹5,499.00",RedTape Men's Black Walking Shoes,"₹1,649.00",10
 RedTape, BLACK, RSO1291A,"₹5,499.00",RedTape Men's Black Walking Shoes,"₹1,649.00",10
 RedTape, NAVY  , RFF0744,"₹2,199.00",RedTape Men's Navy Sliders,₹659.00,"6,7,8,9,10,11"
 RedTape, NAVY  , RCS0014A,"₹3,999.00",RedTape Men's Navy Thong Slippers,"₹1,199.00","8,9,10,11"
 RedTape, NAVY  , RCS0004A,"₹3,999.00",RedTape Men's Navy Thong Slippers,"₹1,199.00","7,8,9,11"
 RedTape, BLACK, RFF0781,"₹1,499.00",RedTape Men's Black Sliders,₹449.00,"6,7,8,9,10,11"
 RedTape, BLACK, RFF0791,"₹1,299.00",RedTape Men's Black Sliders,₹389.00,"6,7,8,9,10,11"
 RedTape, BLACK WHITE, RSO1531,"₹6,299.00",RedTape Men's Black And White Walking Shoes,"₹1,889.00",6
 RedTape, BLACK, RFF0761,"₹2,199.00",RedTape Men's Black Sliders,₹659.00,"6,7,8,9,10,11"
 RedTape, BLACK, RFF0771,"₹2,199.00",RedTape Men's Black Sliders,₹659.00,"6,7,8,9,10,11"
 RedTape, BLUE, RFF0743,"₹2,199.00",RedTape Men's Blue Sliders,₹659.00,"6,7,8,9,10,11"
 RedTape, BLACK, RFF0751,"₹1,999.00",RedTape Men's Black Sliders,₹599.00,"6,7,8,9,10,11"
 RedTape, NAVY  , RFF0734,"₹1,999.00",RedTape Men's Navy Sliders,₹599.00,"6,7,8,9,10,11"
 RedTape, NAVY  , RFF0774,"₹2,199.00",RedTape Men's Navy Sliders,₹659.00,"6,7,8,9,10,11"
 RedTape, BLACK, RFF0091A,"₹1,999.00",RedTape Men's Black Sliders,₹599.00,"6,7,8,9,10,11"
 RedTape, WHITE  , RFF0095A,"₹1,999.00",RedTape Men's White Sliders,₹599.00,"6,7,8,9,10,11"
 RedTape, MAROON , RFF0725,"₹2,199.00",RedTape Men's Maroon Sliders,₹659.00,"6,7,8,9,10,11"
 RedTape, BLACK, RFF0101A,"₹1,999.00",RedTape Men's Black Sliders,₹599.00,"6,7,8,9,10,11"
 RedTape, WHITE  , RFF0085A,"₹1,999.00",RedTape Men's White Sliders,₹599.00,"6,7,8,9,10,11"
 RedTape, NAVY  , RFF0094B,"₹1,999.00",RedTape Men's Navy Sliders,₹599.00,"7,8,9,10,11"
 RedTape, GREY , RFF0096A,"₹1,999.00",RedTape Men's Grey Sliders,₹599.00,"6,7,8,9,10,11"
 RedTape, NAVY  , RFF0104A,"₹1,999.00",RedTape Men's Navy Sliders,₹599.00,"6,7,8,9,10,11"
 RedTape, OLIVE  , RFF0767,"₹2,199.00",RedTape Men's Olive Sliders,₹659.00,"6,7,8,9,10,11"
 RedTape, NAVY  , RFF0755,"₹2,199.00",RedTape Men's Navy Sliders,₹659.00,"6,7,8,9,10,11"
 RedTape, WHITE  , RFF0105A,"₹1,999.00",RedTape Men's White Sliders,₹599.00,"6,7,8,9,10,11"
 RedTape, TAN, RTE2783,"₹6,199.00",RedTape Men's Tan Slip On Shoes,"₹1,859.00",7
 RedTape, NAVY  , RFF0084A,"₹1,999.00",RedTape Men's Navy Sliders,₹599.00,"6,7,8,9,10,11"
 RedTape, BLACK, RFF0081A,"₹1,999.00",RedTape Men's Black Sliders,₹599.00,"6,7,8,9,10,11"
 RedTape, OFF WHITE , RTE3176,"₹4,699.00",RedTape Men Off White Sneakers,"₹1,409.00","6,7,8,10"
 RedTape, NAVY  , RFF0765,"₹2,199.00",RedTape Men's Navy Slider,₹659.00,"6,7,8,9,10,11"
 RedTape, GREEN , RSO1116,"₹5,999.00",RedTape Men Green Walking Shoes,"₹1,799.00",6
 RedTape, BORDO, RTE2963,"₹6,299.00",RedTape Men Bordo Driving Shoes,"₹1,889.00",7
 RedTape, NAVY  , RSO1134,"₹5,999.00",RedTape Men Navy Walking Shoes,"₹1,799.00","6,9,10,11"
 RedTape, BLUE, RFF0723,"₹2,199.00",RedTape Men's Blue Sliders,₹659.00,"6,7,8,9,10,11"
 RedTape, BLACK, RFF0731,"₹1,999.00",RedTape Men's Black Sliders,₹599.00,"6,7,8,9,10,11"
 RedTape, WHITE  , RFF0075A,"₹1,999.00",RedTape Men's White Sliders,₹599.00,"6,7,8,9,10,11"
 RedTape, GREY , RFF0076A,"₹1,999.00",RedTape Men's Grey Sliders,₹599.00,"6,7,8,9,10,11"
 RedTape, NAVY  , RFF0074A,"₹1,999.00",RedTape Men's Navy Sliders,₹599.00,"6,7,8,9,10,11"
 RedTape, TEAK, RTE3082,"₹7,299.00",RedTape Men Teak Boots,"₹2,189.00",9
 RedTape, BLACK, RTE3161,"₹4,599.00",RedTape Men Black Sneakers,"₹1,379.00",11
 RedTape, BLACK, RSO1131,"₹5,999.00",RedTape Men Black Walking Shoes,"₹1,799.00",6
 RedTape, TAN, RTE3243,"₹5,899.00",RedTape Men Tan Loafers,"₹1,769.00",7
 RedTape, BROWN, RTE3022,"₹5,999.00",RedTape Men Brown Loafers,"₹1,799.00",7
 RedTape, TAN, RTE2953,"₹5,999.00",RedTape Men Tan Loafers,"₹1,799.00","6,7"
 RedTape, TEAK, RTE3053,"₹6,299.00",RedTape Men Teak Slip On Shoes,"₹1,889.00","7,9,10"
 RedTape, NAVY  , RTE3254,"₹4,299.00",RedTape Men Navy Sneakers,"₹1,289.00",11
 RedTape, GREY , RSO1017,"₹6,999.00",RedTape Men Grey Walking Shoes,"₹2,099.00",11
 RedTape, BLACK, RFF0711,"₹1,099.00",RedTape Men Black Flop Flops,₹329.00,"6,7,8,9,10,11"
 RedTape, TAN, RTE3052,"₹5,999.00",RedTape Men Tan Loafers,"₹1,799.00","7,8,9,10"
 RedTape, TEAK, RTE3032,"₹5,999.00",RedTape Men Teak Slip On Shoes,"₹1,799.00","9,10"
 RedTape, NAVY  , RSO0994,"₹7,299.00",RedTape Men Navy Walking Shoes,"₹2,189.00",6
 RedTape, TAN, RTS11693D,"₹7,899.00",RedTape Men Tan Loafers,"₹2,369.00",7
 RedTape, TAN, RTE2973,"₹6,099.00",RedTape Men Tan Driving Shoes,"₹1,829.00",7
 RedTape, NAVY  , RSO0774A,"₹5,399.00",RedTape Men Navy Walking Shoes,"₹1,619.00",11
 RedTape, WHITE  , RSO0805A,"₹5,199.00",RedTape Men White Walking Shoes,"₹1,559.00",11
 RedTape, BROWN, RSO0772A,"₹5,399.00",RedTape Men Brown Walking Shoes,"₹1,619.00",11
 RedTape, NAVY  , RSO0794A,"₹5,399.00",RedTape Men Navy Walking Shoes,"₹1,619.00","10,11"
 RedTape, BROWN, RTE2962,"₹6,299.00",RedTape Men Brown Driving Shoes,"₹1,889.00",7
 RedTape, NAVY  , RSE1164,"₹3,399.00",RedTape Men Navy Sandal,"₹1,019.00","7,8,9"
 RedTape, NAVY  , RTS11694D,"₹7,899.00",RedTape Men Navy Loafers,"₹2,369.00",7
 RedTape, BLACK, RSE1181,"₹3,399.00",RedTape Men Black Sandal,"₹1,019.00","7,8"
 RedTape, BLUE, RSO1024,"₹6,999.00",RedTape Men Blue Walking Shoes,"₹2,099.00",9
 RedTape, GREEN , RSO0846A,"₹5,799.00",RedTape Men Green Walking Shoes,"₹1,739.00",11
 RedTape, MULTI, RFF0571,₹499.00,"Men's multi coloured sliders,flip flops",₹149.00,"6,7,8,9,10"
 RedTape, BROWN, RTS11466D,"₹7,899.00",RedTape Men Brown Loafers,"₹2,369.00",10
 RedTape, MULTI, RFF0561,₹499.00,"Men's multi coloured sliders,flip flops",₹149.00,"6,7,8,9,10"
 RedTape, MULTI, RFF0583,₹499.00,"Men's multi coloured sliders,flip flops",₹149.00,"6,7,8,9,10"
 RedTape, NAVY BLUE , RSO0844A,"₹5,799.00",RedTape Men Navy Blue Walking Shoes,"₹1,739.00",11
 RedTape, MULTI, RFF0591,₹499.00,"Men's multi coloured sliders,flip flops",₹149.00,"6,7,8,9,10"
 RedTape, MULTI, RFF0614,₹499.00,"Men's multi coloured sliders,flip flops",₹149.00,"6,7,9,10"
 RedTape, MULTI, RFF0608,₹499.00,"Men's multi coloured sliders,flip flops",₹149.00,"6,7,8,9,10"
 RedTape, TEAK, RTE2232,"₹6,495.00",RedTape Men Teak Slip On Shoes,"₹1,948.00","7,8,9,10"
 RedTape, TAN, RTS11673D,"₹5,999.00",RedTape Men Tan Loafers,"₹1,799.00","7,8,9,10"
 RedTape, BLACK, RSO0862A,"₹5,899.00",RedTape Men Black Walking Shoes,"₹1,769.00",11
 RedTape, MULTI, RFF0491,₹499.00,"Men's multi coloured sliders,flip flops",₹149.00,"6,7,8,9,10"
 RedTape, BLACK, RFF0471,₹499.00,"Men's black sliders,flip flops",₹149.00,"6,7,8,9,10"
 RedTape, BLUE, RFF0444,₹499.00,"Men's blue sliders,flip flops",₹149.00,"6,7,8,9,10"
 RedTape, MULTI, RFF0551,₹499.00,"Men's multi coloured sliders,flip flops",₹149.00,"6,7,8,9,10"
 RedTape, MAROON , RFF0452,₹499.00,"Men's maroon sliders,flip flops",₹149.00,"6,7,8,9,10"
 RedTape, MULTI, RFF0481,₹499.00,"Men's multi coloured sliders,flip flops",₹149.00,"6,7,8,9,10"
 RedTape, GREEN , RFF0468,₹499.00,"Men's green sliders,flip flops",₹149.00,"6,7,8,9,10"
 RedTape, MULTI, RFF0514,₹499.00,"Men's multi coloured sliders,flip flops",₹149.00,"6,7,8,9,10"
 RedTape, MULTI, RFF0501,₹499.00,"Men's multi coloured sliders,flip flops",₹149.00,"6,7,8,9,10"
 RedTape, MULTI, RFF0528,₹499.00,"Men's multi coloured sliders,flip flops",₹149.00,"6,7,8,9,10"
 RedTape, MULTI, RFF0533,₹499.00,"Men's multi coloured sliders,flip flops",₹149.00,"6,7,8,9,10"
 RedTape, MULTI, RFF0544,₹499.00,"Men's multi coloured sliders,flip flops",₹149.00,"6,7,8,9,10"
 RedTape, RED , RFF0403,₹499.00,"Men's red sliders,flip flops",₹149.00,"6,7,8,9,10,11"
 RedTape, NAVY  , RFF0414,₹499.00,"Men's navy sliders,flip flops",₹149.00,"6,7,8,9,10,11"
 RedTape, MULTI, RFF0388,₹499.00,"Men's multi coloured sliders,flip flops",₹149.00,"6,7,8,9,10,11"
 RedTape, MULTI, RFF0368,₹499.00,"Men's multi coloured sliders,flip flops",₹149.00,"6,7,8,9,10,11"
 RedTape, GREY , RFF0438,₹499.00,"Men's grey sliders,flip flops",₹149.00,"6,7,8,9,10"
 RedTape, BLACK, RFF0421,₹499.00,"Men's black sliders,flip flops",₹149.00,"6,7,8,9,10,11"
 RedTape, MULTI, RFF0355,₹499.00,"Men's multi coloured sliders,flip flops",₹149.00,"6,7,8,9,10,11"
 RedTape, GREEN , RFF0308,₹499.00,"Men's green sliders,flip flops",₹149.00,"6,7,8,9,10,11"
 RedTape, GREEN , RFF0326,₹499.00,"Men's green sliders,flip flops",₹149.00,"6,7,8,9,10,11"
 RedTape, RED , RFF0342,₹499.00,"Men's red sliders,flip flops",₹149.00,"6,7,8,9,10,11"
 RedTape, MULTI, RFF0315,₹499.00,"Men's multi coloured sliders,flip flops",₹149.00,"6,7,8,9,10,11"
 RedTape, BLACK, RFF0331,₹499.00,"Men's black sliders,flip flops",₹149.00,"6,7,8,9,10,11"
 RedTape, NAVY  , RFF0284,₹499.00,"Men's navy sliders,flip flops",₹149.00,"6,7,8,9,10,11"
 RedTape, YELLOW  , RFF0276,₹499.00,"Men's yellow sliders,flip flops",₹149.00,"6,7,8,9,10,11"
 RedTape, MULTI, RFF0298,₹499.00,"Men's multi coloured sliders,flip flops",₹149.00,"6,7,8,9,10,11"
 RedTape, BLUE, RFF0184,₹499.00,"Men's blue sliders,flip flops",₹149.00,"6,7,8,9,10,11"
 RedTape, YELLOW  , RFF0263,₹499.00,"Men's yellow sliders,flip flops",₹149.00,"6,7,8,9,10,11"
 RedTape, YELLOW  , RFF0253,₹499.00,"Men's yellow sliders,flip flops",₹149.00,"6,7,8,9,10,11"
 RedTape, RED , RFF0193,₹499.00,"Men's red sliders,flip flops",₹149.00,"6,7,8,9,10,11"
 RedTape, WHITE  , RFF0235,₹499.00,"Men's white sliders,flip flops",₹149.00,"6,7,8,9,10,11"
 RedTape, BLUE, RFF0204,₹499.00,"Men's blue sliders,flip flops",₹149.00,"6,7,8,9,10,11"
 RedTape, NAVY  , RFF0224,₹499.00,"Men's navy sliders,flip flops",₹149.00,"6,7,8,9,10,11"
 RedTape, MULTI, RFF0214,₹499.00,"Men's multi coloured sliders,flip flops",₹149.00,"6,7,8,9,10,11"
 RedTape, BLUE, RFF0244,₹499.00,"Men's blue sliders,flip flops",₹149.00,"6,7,8,9,10,11"
 RedTape, MULTI, RFF0178,₹499.00,"Men's multi coloured sliders,flip flops",₹149.00,"6,7,8,9,10,11"
 RedTape, WHITE  , RFF0105,"₹1,499.00",RedTape Men White Sliders,₹449.00,"6,7,8,9,10,11"
 RedTape, MULTI, RFF0114,₹499.00,"Men's multi coloured sliders,flip flops",₹149.00,"6,7,8,9,10,11"
 RedTape, GREEN , RFF0126,₹499.00,"Men's green sliders,flip flops",₹149.00,"6,7,8,9,10,11"
 RedTape, NAVY  , RFF0144,₹499.00,"Men's navy sliders,flip flops",₹149.00,"6,7,8,9,10,11"
 RedTape, MULTI, RFF0158,₹499.00,"Men's multi coloured sliders,flip flops",₹149.00,"6,7,8,9,10,11"
 RedTape, BROWN, RFF0162,₹499.00,"Men's brown sliders,flip flops",₹149.00,"6,7,8,9,10,11"
 RedTape, BLUE, RFF0134,₹499.00,"Men's blue sliders,flip flops",₹149.00,"6,7,8,9,10,11"
 RedTape, NAVY  , RFF0104,"₹1,499.00",RedTape Men Navy Sliders,₹449.00,"6,7,8,9,10,11"
 RedTape, GREY , RFF0096,"₹1,499.00",RedTape Men Grey Sliders,₹449.00,"6,7,8,9,10,11"
 RedTape, BROWN, RFF0102,₹499.00,"Men's brown sliders,flip flops",₹149.00,"6,7,8,9,10,11"
 RedTape, BLACK, RFF0101,"₹1,499.00",RedTape Men Black Sliders,₹449.00,"6,7,8,9,10,11"
 RedTape, WHITE  , RFF0095,"₹1,499.00",RedTape Men White Sliders,₹449.00,"6,7,8,9,10,11"
 RedTape, GREY , RFF0076,"₹1,499.00",RedTape Men Grey Sliders,₹449.00,"6,7,8,9,10,11"
 RedTape, NAVY  , RFF0094A,"₹1,499.00",RedTape Men Navy Sliders,₹449.00,"6,7,8,9,10,11"
 RedTape, NAVY  , RFF0074,"₹1,499.00",RedTape Men Navy Sliders,₹449.00,"6,7,8,9,10,11"
 RedTape, MAROON , RFF0072,₹499.00,"Men's maroon sliders,flip flops",₹149.00,"6,7,8,9,10,11"
 RedTape, WHITE  , RFF0075,"₹1,499.00",RedTape Men White Sliders,₹449.00,"6,7,8,9,10,11"
 RedTape, NAVY  , RFF0054,₹499.00,"Men's navy sliders,flip flops",₹149.00,"6,7,8,9,10,11"
 RedTape, BLACK, RFF0081,"₹1,499.00",RedTape Men Black Sliders,₹449.00,"6,7,8,9,10,11"
 RedTape, NAVY  , RFF0084,"₹1,499.00",RedTape Men Navy Sliders,₹449.00,"6,7,8,9,10,11"
 RedTape, WHITE  , RFF0085,"₹1,499.00",RedTape Men White Sliders,₹449.00,"6,7,8,9,10,11"
 RedTape, BLACK, RFF0091,"₹1,999.00",RedTape Men Black Sliders,₹599.00,"6,7,8,9,10,11"
 RedTape, MULTI, RFF0094,₹499.00,"Men's multi coloured sliders,flip flops",₹149.00,"6,7,8,9,10,11"
 RedTape, WHITE  , RSO0235D,"₹7,295.00",RedTape Men White Walking Shoes,"₹2,188.00","10,11"
 RedTape, MULTI, RFF0038,₹499.00,"Men's multi coloured sliders,flip flops",₹149.00,"6,7,8,9,10,11"
 RedTape, BLACK, RFF0011,₹499.00,"Men's black sliders,flip flops",₹149.00,"6,7,8,9,10,11"
 RedTape, MULTI, RFF0028,₹499.00,"Men's multi coloured sliders,flip flops",₹149.00,"6,7,8,9,10,11"
 RedTape, NAVY  , RSO0474,"₹5,695.00",RedTape Men Navy Walking Shoes,"₹1,708.00",11
 RedTape, BLUE, RSO0224A,"₹7,295.00",RedTape Men Blue Walking Shoes,"₹2,188.00","7,9"
 RedTape, BLUE, RSO0234D,"₹6,995.00",RedTape Men Blue Walking Shoes,"₹2,098.00","6,9"
 RedTape, BURGUNDY, RSO0343D,"₹6,495.00",RedTape Men Burgundy Walking Shoes,"₹1,948.00","7,8,9,10,11"
 RedTape, BLUE, RFF0044,₹499.00,"Men's blue sliders,flip flops",₹149.00,"6,7,8,9,10,11"
 RedTape, BLACK, RSC0621D,"₹6,495.00",RedTape Men Black Walking Shoes,"₹1,948.00","9,10,11"
 RedTape, NAVY  , RSC0624D,"₹6,495.00",RedTape Men Navy Walking Shoes,"₹1,948.00","9,11"
 RedTape, BLACK, RSO0221A,"₹7,295.00",RedTape Men Black Walking Shoes,"₹2,188.00",10
 RedTape, NAVY  , RSE1044,"₹3,195.00",RedTape Men Navy Sandal,₹958.00,7
 RedTape, BLACK, RSE1041,"₹3,195.00",RedTape Men Black Sandal,₹958.00,7
